0.000000 0.000000 0.000000 253.099379 125.664596
0.000000 508.000000 0.000000 291.884817 106.413613
0.000000 1016.000000 0.000000 328.451807 88.825301
0.000000 1524.000000 0.000000 361.034247 73.294521
406.000000 0.000000 0.000000 275.960630 137.610236
406.000000 508.000000 0.000000 316.178571 116.598214
406.000000 1016.000000 0.000000 353.380208 97.895833
406.000000 1524.000000 0.000000 386.305085 81.367232
812.000000 0.000000 0.000000 301.756494 151.522727
812.000000 508.000000 0.000000 343.474265 128.555147
812.000000 1016.000000 0.000000 380.763158 108.535088
812.000000 1524.000000 0.000000 414.424242 90.469697
1218.000000 0.000000 0.000000 331.239782 167.457766
1218.000000 508.000000 0.000000 374.248387 142.258065
1218.000000 1016.000000 0.000000 411.433333 120.433333
1218.000000 1524.000000 0.000000 445.293333 100.937778
1624.000000 0.000000 0.000000 365.228381 185.059867
1624.000000 508.000000 0.000000 408.426667 157.261333
1624.000000 1016.000000 0.000000 445.775974 133.243506
1624.000000 1524.000000 0.000000 478.248062 112.313953
2030.000000 0.000000 0.000000 403.786642 205.565863
2030.000000 508.000000 0.000000 447.113839 175.035714
2030.000000 1016.000000 0.000000 483.519553 148.365922
2030.000000 1524.000000 0.000000 515.363333 125.193333
