0.000000 1524.000000 0.000000 203.527607 156.742331
406.000000 1524.000000 0.000000 227.601399 145.566434
812.000000 1524.000000 0.000000 250.173228 135.488189
1218.000000 1524.000000 0.000000 270.598214 126.633929
1624.000000 1524.000000 0.000000 289.153061 118.867347
2030.000000 1524.000000 0.000000 306.058824 111.811765
0.000000 1016.000000 0.000000 228.535000 170.660000
406.000000 1016.000000 0.000000 253.563218 157.867816
812.000000 1016.000000 0.000000 276.253333 146.960000
1218.000000 1016.000000 0.000000 296.755725 137.251908
1624.000000 1016.000000 0.000000 314.522936 128.330275
2030.000000 1016.000000 0.000000 331.000000 120.697917
0.000000 508.000000 0.000000 258.132231 187.024793
406.000000 508.000000 0.000000 283.225490 172.558824
812.000000 508.000000 0.000000 305.337143 160.068571
1218.000000 508.000000 0.000000 325.221477 149.046980
1624.000000 508.000000 0.000000 342.777778 139.309524
2030.000000 508.000000 0.000000 358.698113 130.754717
0.000000 0.000000 0.000000 291.841629 205.538462
406.000000 0.000000 0.000000 316.397590 189.317269
812.000000 0.000000 0.000000 338.353234 175.263682
1218.000000 0.000000 0.000000 357.526627 162.917160
1624.000000 0.000000 0.000000 373.898551 151.876812
2030.000000 0.000000 0.000000 388.508197 142.229508
