2030.000000 1524.000000 0.000000 177.414365 291.058932
2030.000000 1016.000000 0.000000 188.575980 247.583333
2030.000000 508.000000 0.000000 197.813953 212.524917
2030.000000 0.000000 0.000000 206.545045 183.923423
1624.000000 1524.000000 0.000000 225.654991 291.087566
1624.000000 1016.000000 0.000000 231.927007 247.099757
1624.000000 508.000000 0.000000 237.598662 211.672241
1624.000000 0.000000 0.000000 242.237668 183.165919
1218.000000 1524.000000 0.000000 274.703259 291.046312
1218.000000 1016.000000 0.000000 276.118056 246.372685
1218.000000 508.000000 0.000000 277.389068 211.553055
1218.000000 0.000000 0.000000 278.543379 183.022831
812.000000 1524.000000 0.000000 324.857385 290.385399
812.000000 1016.000000 0.000000 320.898345 246.148936
812.000000 508.000000 0.000000 317.892508 211.495114
812.000000 0.000000 0.000000 315.229358 183.022936
406.000000 1524.000000 0.000000 373.875000 289.146429
406.000000 1016.000000 0.000000 364.770936 246.142857
406.000000 508.000000 0.000000 357.432886 211.520134
406.000000 0.000000 0.000000 350.869565 183.704348
0.000000 1524.000000 0.000000 420.162376 288.499010
0.000000 1016.000000 0.000000 406.751351 246.697297
0.000000 508.000000 0.000000 395.584229 212.308244
0.000000 0.000000 0.000000 385.747126 184.563218
