2030.000000 0.000000 0.000000 202.173502 220.801262
1624.000000 0.000000 0.000000 229.381295 194.212230
1218.000000 0.000000 0.000000 254.457983 170.550420
812.000000 0.000000 0.000000 277.287736 149.132075
406.000000 0.000000 0.000000 298.663043 129.782609
0.000000 0.000000 0.000000 317.531250 112.632813
2030.000000 508.000000 0.000000 243.764706 229.245524
1624.000000 508.000000 0.000000 271.239264 200.417178
1218.000000 508.000000 0.000000 295.342657 175.132867
812.000000 508.000000 0.000000 317.508065 152.225806
406.000000 508.000000 0.000000 337.268293 131.843902
0.000000 508.000000 0.000000 355.230337 113.983146
2030.000000 1016.000000 0.000000 292.079832 238.447479
1624.000000 1016.000000 0.000000 317.992405 207.379747
1218.000000 1016.000000 0.000000 340.997024 180.336310
812.000000 1016.000000 0.000000 361.701031 156.092784
406.000000 1016.000000 0.000000 380.658436 134.753086
0.000000 1016.000000 0.000000 397.414286 115.909524
2030.000000 1524.000000 0.000000 347.283247 249.141623
1624.000000 1524.000000 0.000000 371.510593 215.584746
1218.000000 1524.000000 0.000000 392.839196 186.821608
812.000000 1524.000000 0.000000 411.749245 160.848943
406.000000 1524.000000 0.000000 427.967391 138.047101
0.000000 1524.000000 0.000000 442.656780 118.398305
