0.000000 0.000000 0.000000 203.564972 217.381356
0.000000 508.000000 0.000000 209.801136 178.036932
0.000000 1016.000000 0.000000 215.612167 145.524715
0.000000 1524.000000 0.000000 220.543689 119.257282
406.000000 0.000000 0.000000 248.690428 212.446029
406.000000 508.000000 0.000000 250.810440 173.214286
406.000000 1016.000000 0.000000 252.929889 140.988930
406.000000 1524.000000 0.000000 254.669811 115.099057
812.000000 0.000000 0.000000 295.650000 208.176000
812.000000 508.000000 0.000000 293.157609 168.682065
812.000000 1016.000000 0.000000 291.208029 137.313869
812.000000 1524.000000 0.000000 289.495327 111.397196
1218.000000 0.000000 0.000000 343.147773 203.997976
1218.000000 508.000000 0.000000 335.966759 164.927978
1218.000000 1016.000000 0.000000 329.946043 134.089928
1218.000000 1524.000000 0.000000 324.849765 108.450704
1624.000000 0.000000 0.000000 389.301282 199.523504
1624.000000 508.000000 0.000000 377.547009 161.447293
1624.000000 1016.000000 0.000000 367.353612 130.840304
1624.000000 1524.000000 0.000000 359.039604 106.069307
2030.000000 0.000000 0.000000 433.600907 195.732426
2030.000000 508.000000 0.000000 418.186186 158.780781
2030.000000 1016.000000 0.000000 404.180000 128.812000
2030.000000 1524.000000 0.000000 392.959799 104.281407
