2030.000000 1524.000000 0.000000 208.832117 147.284672
2030.000000 1016.000000 0.000000 243.936000 144.432000
2030.000000 508.000000 0.000000 276.754386 141.850877
2030.000000 0.000000 0.000000 306.952381 140.066667
1624.000000 1524.000000 0.000000 217.532544 162.254438
1624.000000 1016.000000 0.000000 254.773333 158.466667
1624.000000 508.000000 0.000000 288.924242 155.371212
1624.000000 0.000000 0.000000 320.620690 152.913793
1218.000000 1524.000000 0.000000 227.412621 179.014563
1218.000000 1016.000000 0.000000 267.281081 174.513514
1218.000000 508.000000 0.000000 302.899371 170.635220
1218.000000 0.000000 0.000000 335.503704 167.437037
812.000000 1524.000000 0.000000 239.047059 198.756863
812.000000 1016.000000 0.000000 281.253394 192.950226
812.000000 508.000000 0.000000 318.418478 188.065217
812.000000 0.000000 0.000000 352.102564 183.628205
406.000000 1524.000000 0.000000 253.050473 221.719243
406.000000 1016.000000 0.000000 296.962687 214.197761
406.000000 508.000000 0.000000 336.407240 207.561086
406.000000 0.000000 0.000000 370.076503 202.027322
0.000000 1524.000000 0.000000 269.010127 248.298734
0.000000 1016.000000 0.000000 315.123123 238.711712
0.000000 508.000000 0.000000 355.899254 230.014925
0.000000 0.000000 0.000000 390.355030 222.325444
