1.000000 1.000000
1.000000 1.000000
1.000000 1.000000
1.000000 1.000000
1.000000 1.000000
1.000000 1.000000
1.000000 1.000000
1.000000 1.000000
1.000000 1.000000
1.000000 1.000000
1.000000 1.000000
1.000000 1.000000
1.000000 1.000000
1.000000 1.000000
1.000000 1.000000
1.000000 1.000000
1.000000 1.000000
1.000000 1.000000
1.000000 1.000000
1.000000 1.000000
1.000000 1.000000
1.000000 1.000000
1.000000 1.000000
1.000000 1.000000
1.000000 1.000000
1.000000 1.000000
1.000000 1.000000
1.000000 1.000000
1.000000 1.000000
1.000000 1.000000
1.000000 1.000000
1.000000 1.000000
1.000000 1.000000
1.000000 1.000000
1.000000 1.000000
1.000000 1.000000
1.000000 1.000000
1.000000 1.000000
1.000000 1.000000
1.000000 1.000000
1.000000 1.000000
1.000000 1.000000
1.000000 1.000000
1.000000 1.000000
1.000000 1.000000
1.000000 1.000000
1.000000 1.000000
1.000000 1.000000
1.000000 1.000000
1.000000 1.000000
1.000000 1.000000
1.000000 1.000000
1.000000 1.000000
1.000000 1.000000
1.000000 1.000000
1.000000 1.000000
1.000000 1.000000
1.000000 1.000000
1.000000 1.000000
1.000000 1.000000
1.000000 1.000000
1.000000 1.000000
1.000000 1.000000
1.000000 1.000000
1.000000 1.000000
1.000000 1.000000
1.000000 1.000000
1.000000 1.000000
1.000000 1.000000
1.000000 1.000000
1.000000 1.000000
1.000000 1.000000
1.000000 1.000000
1.000000 1.000000
1.000000 1.000000
1.000000 1.000000
1.000000 1.000000
1.000000 1.000000
1.000000 1.000000
1.000000 1.000000
1.000000 1.000000
1.000000 1.000000
1.000000 1.000000
1.000000 1.000000
1.000000 1.000000
1.000000 1.000000
1.000000 1.000000
1.000000 1.000000
1.000000 1.000000
1.000000 1.000000
1.000000 1.000000
1.000000 1.000000
1.000000 1.000000
1.000000 1.000000
1.000000 1.000000
1.000000 1.000000
1.000000 1.000000
1.000000 1.000000
1.000000 1.000000
1.000000 1.000000
1.000000 1.000000
1.000000 1.000000
1.000000 1.000000
1.000000 1.000000
1.000000 1.000000
1.000000 1.000000
1.000000 1.000000
1.000000 1.000000
0.999100 1.000000
0.999100 1.000000
0.999100 1.000000
0.999100 1.000000
0.998200 1.000000
0.998200 1.000000
0.997300 1.000000
0.996400 1.000000
0.995500 1.000000
0.994599 1.000000
0.994599 1.000000
0.991899 1.000000
0.990999 1.000000
0.987399 1.000000
0.987399 1.000000
0.986499 1.000000
0.986499 1.000000
0.984698 1.000000
0.981998 1.000000
0.979298 1.000000
0.975698 1.000000
0.971197 1.000000
0.965797 1.000000
0.961296 1.000000
0.959496 1.000000
0.952295 1.000000
0.947795 1.000000
0.942394 1.000000
0.936994 1.000000
0.931593 1.000000
0.923492 1.000000
0.914491 1.000000
0.909091 1.000000
0.902790 1.000000
0.894689 1.000000
0.885689 1.000000
0.873987 1.000000
0.861386 1.000000
0.852385 1.000000
0.836184 1.000000
0.828983 1.000000
0.817282 1.000000
0.800180 1.000000
0.785779 1.000000
0.764176 1.000000
0.747075 1.000000
0.728173 1.000000
0.711971 1.000000
0.690369 1.000000
0.671467 1.000000
0.653465 1.000000
0.629163 1.000000
0.607561 1.000000
0.590459 1.000000
0.578758 1.000000
0.561656 1.000000
0.550855 1.000000
0.537354 1.000000
0.522052 1.000000
0.508551 1.000000
0.498650 1.000000
0.489649 1.000000
0.481548 1.000000
0.467147 1.000000
0.458146 1.000000
0.442844 1.000000
0.429343 1.000000
0.421242 1.000000
0.405041 1.000000
0.396040 1.000000
0.378938 1.000000
0.360036 1.000000
0.347435 1.000000
0.334833 1.000000
0.314131 1.000000
0.305131 1.000000
0.287129 1.000000
0.277228 1.000000
0.262826 1.000000
0.254725 1.000000
0.244824 1.000000
0.227723 1.000000
0.207921 1.000000
0.193519 1.000000
0.180018 1.000000
0.168317 1.000000
0.162016 1.000000
0.152115 1.000000
0.145815 1.000000
0.133213 1.000000
0.126913 1.000000
0.119712 1.000000
0.111611 1.000000
0.101710 0.993378
0.097210 0.993378
0.090909 0.993378
0.081008 0.986755
0.073807 0.980132
0.067507 0.973510
0.062106 0.966887
0.058506 0.960265
0.057606 0.953642
0.053105 0.947020
0.048605 0.940397
0.046805 0.940397
0.043204 0.927152
0.040504 0.920530
0.038704 0.880795
0.037804 0.880795
0.036004 0.860927
0.033303 0.847682
0.030603 0.807947
0.027003 0.801324
0.022502 0.781457
0.018002 0.761589
0.015302 0.735099
0.014401 0.688742
0.012601 0.655629
0.009001 0.649007
0.006301 0.615894
0.006301 0.589404
0.004500 0.536424
0.004500 0.496689
0.003600 0.450331
0.003600 0.417219
0.001800 0.397351
0.001800 0.350993
0.000900 0.317881
0.000900 0.284768
0.000000 0.271523
0.000000 0.258278
0.000000 0.231788
0.000000 0.205298
0.000000 0.185430
0.000000 0.158940
0.000000 0.152318
0.000000 0.132450
0.000000 0.105960
0.000000 0.086093
0.000000 0.072848
0.000000 0.052980
0.000000 0.039735
0.000000 0.033113
0.000000 0.006623
0.000000 0.006623
0.000000 0.006623
0.000000 0.006623
0.000000 0.006623
