0.164716 0.953642
0.164716 0.953642
0.164716 0.953642
0.164716 0.953642
0.164716 0.953642
0.164716 0.953642
0.164716 0.953642
0.164716 0.953642
0.164716 0.953642
0.164716 0.953642
0.164716 0.953642
0.164716 0.953642
0.164716 0.953642
0.164716 0.953642
0.164716 0.953642
0.164716 0.953642
0.164716 0.953642
0.164716 0.953642
0.164716 0.953642
0.164716 0.953642
0.164716 0.953642
0.164716 0.953642
0.164716 0.953642
0.164716 0.953642
0.164716 0.953642
0.164716 0.953642
0.164716 0.953642
0.164716 0.953642
0.164716 0.953642
0.164716 0.953642
0.164716 0.953642
0.164716 0.953642
0.164716 0.953642
0.164716 0.953642
0.164716 0.953642
0.164716 0.953642
0.164716 0.953642
0.164716 0.953642
0.164716 0.953642
0.164716 0.953642
0.164716 0.953642
0.164716 0.953642
0.164716 0.953642
0.164716 0.953642
0.164716 0.953642
0.164716 0.953642
0.164716 0.953642
0.164716 0.953642
0.164716 0.953642
0.164716 0.953642
0.164716 0.953642
0.164716 0.953642
0.164716 0.953642
0.164716 0.953642
0.164716 0.953642
0.164716 0.953642
0.164716 0.953642
0.164716 0.953642
0.164716 0.953642
0.164716 0.953642
0.164716 0.953642
0.164716 0.953642
0.164716 0.953642
0.164716 0.953642
0.164716 0.953642
0.164716 0.953642
0.164716 0.953642
0.164716 0.953642
0.164716 0.953642
0.164716 0.953642
0.164716 0.953642
0.164716 0.953642
0.164716 0.953642
0.164716 0.953642
0.164716 0.953642
0.164716 0.953642
0.164716 0.953642
0.164716 0.953642
0.164716 0.953642
0.164716 0.953642
0.164716 0.953642
0.164716 0.953642
0.164716 0.953642
0.164716 0.953642
0.164716 0.953642
0.164716 0.953642
0.164716 0.953642
0.164716 0.953642
0.164716 0.953642
0.164716 0.953642
0.164716 0.953642
0.164716 0.953642
0.164716 0.953642
0.164716 0.953642
0.164716 0.953642
0.164716 0.953642
0.164716 0.953642
0.164716 0.953642
0.164716 0.953642
0.164716 0.953642
0.164716 0.953642
0.164716 0.953642
0.164716 0.953642
0.164716 0.953642
0.164716 0.953642
0.164716 0.953642
0.164716 0.953642
0.164716 0.953642
0.164716 0.953642
0.164716 0.953642
0.164716 0.953642
0.164716 0.953642
0.164716 0.953642
0.164716 0.953642
0.164716 0.953642
0.164716 0.953642
0.164716 0.953642
0.164716 0.953642
0.164716 0.953642
0.164716 0.953642
0.164716 0.953642
0.164716 0.953642
0.164716 0.953642
0.164716 0.953642
0.164716 0.953642
0.164716 0.953642
0.164716 0.953642
0.164716 0.953642
0.164716 0.953642
0.164716 0.953642
0.164716 0.953642
0.164716 0.953642
0.164716 0.953642
0.164716 0.953642
0.164716 0.953642
0.164716 0.953642
0.164716 0.953642
0.164716 0.953642
0.164716 0.953642
0.164716 0.953642
0.164716 0.953642
0.164716 0.953642
0.164716 0.953642
0.164716 0.953642
0.164716 0.953642
0.164716 0.953642
0.164716 0.953642
0.164716 0.953642
0.164716 0.953642
0.164716 0.953642
0.164716 0.953642
0.164716 0.953642
0.164716 0.953642
0.164716 0.953642
0.164716 0.953642
0.164716 0.953642
0.164716 0.953642
0.164716 0.953642
0.164716 0.953642
0.164716 0.953642
0.164716 0.953642
0.164716 0.953642
0.164716 0.953642
0.164716 0.953642
0.164716 0.953642
0.164716 0.953642
0.164716 0.953642
0.164716 0.953642
0.163816 0.953642
0.163816 0.953642
0.163816 0.953642
0.162016 0.953642
0.161116 0.953642
0.160216 0.953642
0.157516 0.953642
0.155716 0.953642
0.152115 0.953642
0.148515 0.953642
0.143114 0.953642
0.139514 0.953642
0.136814 0.953642
0.131413 0.953642
0.121512 0.953642
0.118812 0.953642
0.110711 0.953642
0.103510 0.953642
0.096310 0.953642
0.096310 0.953642
0.090009 0.953642
0.081008 0.953642
0.069307 0.953642
0.064806 0.953642
0.057606 0.953642
0.050405 0.953642
0.047705 0.953642
0.043204 0.953642
0.038704 0.953642
0.032403 0.953642
0.030603 0.953642
0.027903 0.953642
0.024302 0.953642
0.020702 0.947020
0.018902 0.947020
0.013501 0.947020
0.009901 0.940397
0.009901 0.933775
0.007201 0.933775
0.006301 0.927152
0.006301 0.920530
0.005401 0.913907
0.003600 0.907285
0.001800 0.900662
0.000900 0.900662
0.000000 0.887417
0.000000 0.880795
0.000000 0.841060
0.000000 0.841060
0.000000 0.821192
0.000000 0.807947
0.000000 0.768212
0.000000 0.761589
0.000000 0.741722
0.000000 0.721854
0.000000 0.695364
0.000000 0.649007
0.000000 0.615894
0.000000 0.609272
0.000000 0.576159
0.000000 0.556291
0.000000 0.509934
0.000000 0.470199
0.000000 0.430464
0.000000 0.397351
0.000000 0.377483
0.000000 0.337748
0.000000 0.304636
0.000000 0.278146
0.000000 0.264901
0.000000 0.251656
0.000000 0.225166
0.000000 0.198675
0.000000 0.178808
0.000000 0.152318
0.000000 0.145695
0.000000 0.125828
0.000000 0.099338
0.000000 0.079470
0.000000 0.072848
0.000000 0.052980
0.000000 0.039735
0.000000 0.033113
0.000000 0.006623
0.000000 0.006623
0.000000 0.006623
0.000000 0.006623
0.000000 0.006623
