0.050000 0.018707 -0.001266 -0.989761 -0.000956 -0.003120 -0.000701
0.100000 0.017670 -0.003250 -0.989792 0.003565 -0.010556 -0.007811
0.150000 0.015823 0.000610 -0.991806 0.000235 -0.000713 0.001693
0.200000 0.014755 0.001617 -0.987961 0.001261 -0.016596 -0.003081
0.250000 0.018799 0.001617 -0.991730 -0.001083 -0.014091 -0.007858
0.300000 0.015717 -0.001297 -0.988876 -0.002222 -0.003080 -0.012611
0.350000 0.015823 0.003601 -0.987946 -0.005693 -0.012749 -0.006707
0.400000 0.015613 0.000518 -0.989305 -0.000002 -0.005191 -0.004197
0.450000 0.015425 0.000905 -0.989185 -0.000238 -0.005271 -0.004520
0.500000 0.015433 0.001230 -0.989000 -0.000810 -0.002416 -0.001034
0.550000 0.015535 0.000785 -0.988616 -0.001318 -0.000946 0.001736
0.600000 0.015873 0.000321 -0.988940 -0.001589 0.000517 0.005222
0.650000 0.016174 -0.000186 -0.988693 -0.001958 0.002147 0.006328
0.700000 0.016772 -0.000183 -0.988502 -0.002956 0.002007 0.007111
0.750000 0.016837 -0.000712 -0.988563 -0.001126 0.000329 0.005936
0.800000 0.018365 -0.002580 -0.988299 0.000716 0.000195 0.005079
0.850000 0.017655 -0.010155 -0.988294 0.007124 -0.000303 0.006093
0.900000 0.017454 -0.020851 -0.988364 0.021245 0.000620 0.006306
0.950000 0.018284 -0.030036 -0.988300 0.029640 0.000395 0.005117
1.000000 0.015280 -0.038603 -0.988430 0.037765 0.001564 0.007187
1.050000 0.013064 -0.044614 -0.988430 0.027739 0.001269 0.007186
1.100000 0.014388 -0.045883 -0.988430 0.011273 0.001553 0.011098
1.150000 0.013744 -0.049258 -0.988430 0.001557 -0.001188 0.012608
1.200000 0.015050 -0.049567 -0.988430 -0.003995 -0.006806 0.015817
1.250000 0.019237 -0.047085 -0.988430 -0.013363 -0.011993 0.014553
1.300000 0.017046 -0.042527 -0.988430 -0.009409 -0.017371 0.011029
1.350000 0.022651 -0.049437 -0.988430 -0.010470 -0.015131 0.002632
1.400000 0.021764 -0.050091 -0.988430 0.015519 -0.012805 0.000273
1.450000 0.012992 -0.051416 -0.988430 0.030245 -0.018558 0.002634
1.500000 0.015726 -0.045879 -0.988430 0.011136 -0.018199 0.003905
1.550000 0.015247 -0.044417 -0.988430 0.011829 -0.016905 0.002740
1.600000 0.021434 -0.038298 -0.988430 0.010029 -0.019938 0.001541
1.650000 0.017739 -0.025703 -0.988430 -0.004922 -0.021726 0.003794
1.700000 0.012090 -0.011648 -0.988430 -0.016321 -0.017020 0.002996
1.750000 0.016960 0.004530 -0.988430 -0.042733 -0.018581 0.000619
1.800000 0.017723 0.015054 -0.988166 -0.050135 -0.017156 0.000403
1.850000 0.019358 0.026728 -0.988423 -0.057604 -0.019222 -0.004585
1.900000 0.020326 0.036413 -0.988481 -0.047894 -0.014431 -0.007582
1.950000 0.019878 0.044819 -0.988551 -0.052535 -0.010394 -0.010790
2.000000 0.017581 0.052077 -0.988674 -0.045167 -0.010584 -0.013739
2.050000 0.020090 0.055290 -0.988801 -0.052112 -0.009091 -0.014038
2.100000 0.014616 0.065935 -0.988609 -0.045302 -0.011876 -0.008904
2.150000 0.015300 0.068600 -0.988475 -0.065850 -0.017341 -0.008068
2.200000 0.022924 0.069027 -0.988474 -0.078044 -0.012782 -0.010632
2.250000 0.020397 0.067887 -0.988479 -0.044343 -0.004166 -0.015235
2.300000 0.020157 0.068819 -0.988742 -0.046266 -0.005741 -0.012956
2.350000 0.014892 0.070468 -0.988547 -0.050877 -0.001795 -0.012677
2.400000 0.018805 0.068956 -0.988475 -0.050129 -0.000918 -0.015051
2.450000 0.023757 0.064155 -0.988736 -0.047916 -0.005531 -0.014563
2.500000 0.021825 0.056740 -0.988604 -0.029474 -0.005213 -0.013525
2.550000 0.023033 0.052675 -0.988871 -0.012039 -0.005925 -0.012339
2.600000 0.020087 0.042725 -0.988283 0.011895 -0.003967 -0.010850
2.650000 0.019951 0.036492 -0.987699 0.011364 -0.005582 -0.008874
2.700000 0.018969 0.028321 -0.988213 0.022316 -0.004495 -0.008942
2.750000 0.017075 0.018717 -0.987952 0.024644 -0.001794 -0.008530
2.800000 0.016325 0.011652 -0.987961 0.028512 0.000133 -0.007788
2.850000 0.015859 0.008512 -0.987763 0.022566 0.000294 -0.008170
2.900000 0.015498 0.007269 -0.987895 0.017334 0.002468 -0.007590
2.950000 0.015735 0.008614 -0.988357 0.016563 0.003547 -0.007606
3.000000 0.015272 0.004936 -0.988427 0.000685 -0.002455 -0.002217
3.050000 0.014597 0.004609 -0.988295 -0.000008 -0.001703 -0.002074
3.100000 0.014325 0.004544 -0.988563 0.000366 -0.002525 -0.002320
3.150000 0.014177 0.004220 -0.988569 0.000433 -0.002770 -0.002648
3.200000 0.014124 0.004411 -0.988631 0.000109 -0.002922 -0.003694
3.250000 0.014119 0.004214 -0.988506 0.000790 -0.003509 -0.004334
3.300000 0.014318 0.004286 -0.988371 0.000553 -0.003176 -0.004584
3.350000 0.014455 0.004482 -0.988432 0.001003 -0.004083 -0.004284
3.400000 0.014530 0.004675 -0.988690 0.000991 -0.003757 -0.004780
3.450000 0.014705 0.004425 -0.987972 0.000215 -0.003086 -0.005193
3.500000 0.014448 0.004550 -0.988110 0.000140 -0.002434 -0.004415
3.550000 0.014784 0.004751 -0.988103 0.000384 -0.000977 -0.003156
3.600000 0.014726 0.004810 -0.988430 0.000689 -0.000416 -0.003009
3.650000 0.014851 0.004749 -0.988166 0.000911 -0.000097 -0.003105
3.700000 0.014985 0.004680 -0.988423 0.000056 0.000252 -0.002972
3.750000 0.015114 0.004487 -0.988481 -0.000192 -0.000148 -0.003470
3.800000 0.014987 0.004678 -0.988551 0.000487 -0.000325 -0.003800
3.850000 0.014796 0.004607 -0.988942 0.000247 0.000092 -0.003819
3.900000 0.015001 0.004672 -0.989197 -0.000151 -0.000382 -0.003604
3.950000 0.014787 0.004281 -0.988940 0.000389 -0.000553 -0.002267
4.000000 0.014795 0.004541 -0.989006 0.000234 0.000433 -0.001650
4.050000 0.014597 0.004470 -0.989141 0.000217 0.000525 -0.002221
4.100000 0.014464 0.004602 -0.988952 0.000137 0.001025 -0.001988
4.150000 0.013998 0.004400 -0.989028 -0.000025 0.000958 -0.001916
4.200000 0.013750 0.004717 -0.989426 0.000208 0.001453 -0.001203
4.250000 0.013954 0.004780 -0.989680 0.000051 0.001388 -0.000886
4.300000 0.013878 0.004453 -0.989679 -0.000892 0.000451 -0.001608
4.350000 0.014213 0.004653 -0.989671 -0.001056 0.000553 -0.002083
4.400000 0.014015 0.004453 -0.989870 -0.001294 0.000493 -0.002395
4.450000 0.014068 0.004329 -0.989284 -0.001296 0.000264 -0.002071
4.500000 0.014002 0.004460 -0.989422 -0.000449 0.000585 -0.001975
4.550000 0.014204 0.004463 -0.989487 -0.000686 0.000687 -0.002287
4.600000 0.014397 0.004532 -0.989157 -0.001379 0.000801 -0.001968
4.650000 0.014325 0.004402 -0.988969 -0.001062 0.001540 -0.001004
4.700000 0.014329 0.004731 -0.988773 -0.001759 0.001816 -0.001160
4.750000 0.014597 0.004798 -0.989028 -0.002690 0.001692 -0.001479
4.800000 0.014863 0.004933 -0.989027 -0.003001 0.001469 -0.001315
4.850000 0.014668 0.004860 -0.989026 -0.003075 0.002296 -0.001069
4.900000 0.015075 0.005191 -0.989142 -0.003077 0.002228 -0.000982
4.950000 0.015004 0.005193 -0.988746 -0.003321 0.001758 -0.001850
5.000000 0.015064 0.004934 -0.988420 -0.003025 0.001518 -0.002793
5.050000 0.014999 0.004933 -0.988358 -0.002648 0.001195 -0.003259
5.100000 0.014591 0.004670 -0.988105 -0.002032 0.000538 -0.002612
5.150000 0.014598 0.004666 -0.988169 -0.001405 0.000856 -0.001410
5.200000 0.014804 0.004730 -0.988499 -0.000952 0.000611 -0.002034
5.250000 0.014931 0.004536 -0.988304 -0.001258 0.000384 -0.001476
5.300000 0.014460 0.004204 -0.988168 -0.001341 -0.000012 -0.001551
5.350000 0.014392 0.004337 -0.988106 -0.000580 -0.000593 -0.002174
5.400000 0.014323 0.004535 -0.988040 -0.000670 -0.001073 -0.003044
5.450000 0.014173 0.004282 -0.988493 0.001283 0.002621 -0.002462
5.500000 0.013784 0.004141 -0.988172 0.001890 0.001473 -0.002691
5.550000 0.014915 0.009365 -0.988038 0.004808 0.002131 -0.004327
5.600000 0.012561 0.021477 -0.988228 0.009792 0.001270 -0.006977
5.650000 0.008645 0.035478 -0.988036 0.027621 0.000631 -0.005069
5.700000 0.004208 0.042198 -0.988034 0.028252 0.000211 -0.003154
5.750000 -0.002643 0.046105 -0.988106 0.025100 -0.002956 0.000071
5.800000 0.004660 0.055645 -0.988169 0.013759 -0.002485 -0.000421
5.850000 0.006186 0.058994 -0.988430 0.010391 0.001999 -0.000282
5.900000 0.010876 0.064395 -0.988166 -0.005282 0.000307 -0.000898
5.950000 0.002096 0.071494 -0.988423 0.004268 0.001112 -0.002868
6.000000 -0.000031 0.079850 -0.988288 0.018579 -0.002277 -0.004564
6.050000 -0.000576 0.080031 -0.988619 0.037223 -0.005697 -0.013201
6.100000 -0.007556 0.078459 -0.988816 0.055883 -0.010101 -0.010893
6.150000 -0.007289 0.074000 -0.988944 0.067683 -0.008462 -0.011890
6.200000 -0.002153 0.076343 -0.988558 0.063901 -0.012101 -0.009862
6.250000 -0.001823 0.073452 -0.988426 0.071633 -0.007589 -0.010416
6.300000 -0.003486 0.073243 -0.988880 0.057561 -0.010711 -0.003801
6.350000 -0.000491 0.058414 -0.988824 0.058651 -0.009356 -0.003468
6.400000 0.001293 0.042612 -0.988826 0.055357 -0.007151 -0.002221
6.450000 0.005482 0.032876 -0.989021 0.076709 -0.005690 -0.004405
6.500000 0.013589 0.028384 -0.988951 0.088128 0.001651 -0.008496
6.550000 0.007196 0.016259 -0.988815 0.090770 0.001665 -0.014739
6.600000 0.001880 0.001790 -0.988492 0.077082 0.000570 -0.018117
6.650000 -0.003954 -0.023720 -0.988755 0.077931 0.003313 -0.019692
6.700000 0.006219 -0.042961 -0.988430 0.050169 0.000805 -0.017563
6.750000 0.009348 -0.054251 -0.988166 0.020856 0.000781 -0.017904
6.800000 0.011251 -0.053493 -0.988423 -0.008478 0.008237 -0.016568
6.850000 0.017288 -0.051851 -0.988481 -0.026613 0.013445 -0.020687
6.900000 0.016440 -0.047472 -0.988551 -0.038714 0.011900 -0.018653
6.950000 0.010993 -0.049899 -0.988952 -0.036260 0.012407 -0.020371
7.000000 0.010452 -0.047003 -0.989093 -0.044062 0.008877 -0.019332
7.050000 0.010193 -0.052225 -0.988980 -0.032674 0.011505 -0.023823
7.100000 0.009207 -0.049833 -0.988858 -0.039001 0.010213 -0.023084
7.150000 0.010817 -0.047977 -0.989326 -0.053767 0.007848 -0.025280
7.200000 0.010804 -0.044897 -0.989408 -0.075123 0.006633 -0.023408
7.250000 0.009019 -0.044120 -0.989486 -0.083150 0.002377 -0.021262
7.300000 0.007712 -0.041538 -0.989632 -0.074135 0.002458 -0.013639
7.350000 0.011242 -0.030160 -0.989577 -0.057076 -0.001089 -0.009836
7.400000 0.012324 -0.009724 -0.989711 -0.043106 -0.002600 -0.007645
7.450000 0.010406 0.002674 -0.989722 -0.024885 -0.000080 -0.007079
7.500000 0.009012 0.005998 -0.989866 -0.010659 0.003360 -0.005358
7.550000 0.007599 0.005381 -0.989616 0.000257 -0.000434 0.001558
7.600000 0.008146 0.005111 -0.989501 -0.000424 -0.000904 0.003297
7.650000 0.008206 0.005115 -0.989509 -0.000050 -0.000913 0.001953
7.700000 0.008587 0.005129 -0.988787 -0.000210 -0.000908 0.001318
7.750000 0.008840 0.005007 -0.988390 -0.000131 -0.000422 0.001240
7.800000 0.009361 0.005082 -0.987988 -0.000289 -0.000740 0.001481
7.850000 0.009695 0.005282 -0.987916 -0.000360 -0.000654 0.002596
7.900000 0.009823 0.005152 -0.987848 0.000555 -0.000187 0.001499
7.950000 0.009951 0.005155 -0.987651 0.000156 -0.000335 0.000548
8.000000 0.009952 0.005023 -0.987844 -0.000855 -0.000061 -0.000091
8.050000 0.010017 0.004958 -0.987843 -0.001026 -0.000378 -0.001278
8.100000 0.009756 0.004886 -0.988109 -0.001191 -0.000045 -0.002227
8.150001 0.009624 0.004753 -0.988241 -0.000738 0.000028 -0.002932
8.200000 0.009622 0.004686 -0.988241 -0.000589 0.000026 -0.003086
8.250000 0.009560 0.004354 -0.988692 0.000248 0.000007 -0.003946
8.300000 0.009285 0.004293 -0.988246 -0.000440 0.000272 -0.002996
8.350000 0.009487 0.004293 -0.988435 -0.000744 0.000607 -0.002201
8.400001 0.009421 0.004489 -0.988245 -0.000666 0.000933 -0.001878
8.450000 0.009111 0.004806 -0.988774 -0.000365 0.000521 -0.002109
8.500000 0.008787 0.004931 -0.988912 -0.000221 -0.000212 -0.002263
8.550000 0.008524 0.004862 -0.988983 0.000011 -0.000056 -0.002340
8.600000 0.008126 0.004795 -0.988927 0.000781 0.000086 -0.002571
8.650001 0.008194 0.004731 -0.988988 0.000090 0.000429 -0.002338
8.700000 0.008073 0.004855 -0.989380 0.000176 0.000996 -0.001781
8.750000 0.007809 0.004984 -0.989259 0.001031 0.001788 -0.001054
8.800000 0.007744 0.004917 -0.989388 0.000564 0.001640 -0.001054
8.850000 0.008009 0.004855 -0.989444 0.000323 0.001080 -0.001370
8.900001 0.007603 0.004856 -0.989001 0.000466 0.000753 -0.002079
8.950000 0.007663 0.004664 -0.988932 0.000299 0.000680 -0.003028
9.000000 0.007525 0.004731 -0.988614 -0.000086 0.000529 -0.002472
9.050000 0.007592 0.004795 -0.988614 -0.000092 0.000451 -0.002706
9.100000 0.007588 0.004862 -0.988357 0.000296 0.000686 -0.002222
9.150001 0.007851 0.004733 -0.988479 0.000760 0.001001 -0.001895
9.200000 0.008109 0.004409 -0.988534 0.000450 0.001012 -0.001656
9.250000 0.008111 0.004407 -0.988664 0.000447 0.001096 -0.001652
9.300000 0.008121 0.004533 -0.988988 0.000512 0.001097 -0.002599
9.350000 0.008392 0.004464 -0.989435 -0.000105 0.001360 -0.002361
9.400001 0.008257 0.004529 -0.989247 -0.000266 0.000960 -0.002518
9.450000 0.008255 0.004463 -0.989247 -0.000277 0.000882 -0.003227
9.500000 0.008644 0.004341 -0.989040 -0.000825 0.000246 -0.003788
9.550000 0.008645 0.004671 -0.988718 -0.000352 0.000721 -0.002910
9.600000 0.008700 0.004546 -0.988391 -0.000734 0.001137 -0.002675
9.650001 0.009026 0.004420 -0.988381 -0.000806 0.001301 -0.002278
9.700000 0.008764 0.004481 -0.988389 -0.001422 0.000581 -0.001020
9.750000 0.008810 0.003899 -0.988188 -0.001515 -0.000396 -0.001503
9.800000 0.009299 0.004287 -0.988955 0.001571 0.000901 -0.001557
9.850000 0.008848 0.004407 -0.989355 0.001475 0.000737 -0.002832
9.900001 0.008714 0.004012 -0.989678 0.001076 0.000989 -0.003792
9.950000 0.008241 0.004080 -0.989107 0.001444 0.000810 -0.004432
10.000000 0.008247 0.004012 -0.989430 0.001434 0.001860 -0.004916
10.050000 0.007907 0.003616 -0.989501 0.001505 0.002014 -0.004448
10.100000 0.007772 0.003353 -0.989632 0.001328 0.001523 -0.005096
10.150000 0.007566 0.003158 -0.989316 0.001862 0.001743 -0.004388
10.200000 0.007364 0.003025 -0.989257 0.001852 0.001735 -0.003924
10.250000 0.007110 0.003148 -0.989588 0.002458 0.001790 -0.003376
10.300000 0.006316 0.003073 -0.989610 0.001749 0.001636 -0.003158
10.350000 0.001786 0.004194 -0.989740 0.005511 -0.000183 -0.002109
10.400000 -0.003760 0.003865 -0.990340 0.008193 -0.000023 -0.002022
10.450000 -0.011933 0.004819 -0.990241 0.018971 0.000412 -0.003046
10.500000 -0.018011 0.004483 -0.990663 0.018969 0.000973 -0.002263
10.550000 -0.023714 0.005382 -0.991793 0.014140 -0.003054 -0.003277
10.600000 -0.030894 0.005065 -0.990103 0.022632 -0.003944 -0.000200
10.650000 -0.034093 0.006702 -0.986898 0.015535 -0.006856 0.003129
10.700000 -0.036249 0.008184 -0.986449 0.012042 -0.007014 0.002136
10.750000 -0.037977 0.008566 -0.986243 0.016230 -0.004690 -0.003941
10.800000 -0.042163 0.007366 -0.986297 0.023588 -0.005300 -0.007217
10.850000 -0.040558 0.009863 -0.986100 0.013842 -0.003665 -0.001753
10.900000 -0.042594 0.010716 -0.986274 0.018860 -0.001935 -0.001072
10.950000 -0.042898 0.011335 -0.985934 0.002517 -0.002142 -0.015814
11.000000 -0.041435 0.011565 -0.985664 -0.003467 0.001267 -0.013398
11.050000 -0.037728 0.012286 -0.986149 -0.013978 -0.000655 -0.005161
11.100000 -0.031046 0.008425 -0.986144 -0.031544 -0.001815 -0.001027
11.150000 -0.025309 0.009557 -0.985600 -0.043915 -0.003027 -0.002712
11.200000 -0.011112 0.006654 -0.985548 -0.068463 -0.003746 -0.012043
11.250000 0.002190 0.007915 -0.985181 -0.068560 -0.003334 -0.012974
11.300000 0.001143 0.007717 -0.983259 -0.028459 0.000231 -0.014407
11.350000 0.010409 0.005735 -0.984476 -0.028408 0.000316 -0.015970
11.400000 0.021834 0.004896 -0.987349 -0.026199 0.003760 -0.019090
11.450000 0.032305 0.005459 -0.988430 -0.032265 0.005391 -0.015385
11.500000 0.042544 0.005509 -0.988166 -0.045186 0.002486 -0.007941
11.550000 0.046844 0.008136 -0.988423 -0.059849 -0.002565 -0.003447
11.600000 0.045906 0.007320 -0.988481 -0.049099 -0.001864 -0.015378
11.650000 0.048363 0.006786 -0.988551 -0.054067 -0.002618 -0.016111
11.700000 0.048797 0.006435 -0.988500 -0.037301 -0.002502 -0.002212
11.750000 0.047197 0.006270 -0.988516 -0.032134 -0.006536 -0.005872
11.800000 0.044153 0.005490 -0.988143 -0.021506 -0.004695 -0.014630
11.850000 0.041678 0.008354 -0.988222 -0.007586 -0.001890 -0.018524
11.900000 0.041162 0.007676 -0.988242 0.002138 -0.000846 -0.016271
11.950000 0.035395 0.009500 -0.988191 0.015939 -0.000567 -0.006366
12.000000 0.027930 0.009283 -0.988408 0.015461 -0.000958 -0.006039
12.050000 0.034666 0.008061 -0.989197 -0.022400 -0.001569 -0.003115
12.100000 0.032775 0.010365 -0.989470 -0.030664 -0.000857 -0.003095
12.150000 0.024353 0.009958 -0.989489 -0.025808 -0.001800 -0.001852
12.200000 0.016316 0.008040 -0.989370 -0.016973 -0.002766 -0.004064
12.250000 0.007676 0.007866 -0.989717 -0.008741 -0.002822 -0.005406
12.300000 0.007705 0.006965 -0.989277 -0.002021 0.001798 -0.006681
12.350000 0.007037 0.005679 -0.988966 -0.002895 0.000028 0.000454
12.400000 0.006880 0.005429 -0.988841 -0.003143 -0.001266 -0.000258
12.450000 0.006803 0.004905 -0.988904 -0.003673 -0.001171 0.001171
12.500000 0.006864 0.004778 -0.988771 -0.002975 -0.000946 0.001496
12.550000 0.006933 0.004842 -0.988835 -0.002830 -0.001356 0.000704
12.600000 0.006797 0.004645 -0.988902 -0.002681 -0.000791 -0.000245
12.650000 0.006933 0.004645 -0.989028 -0.002605 -0.000711 -0.000402
12.700000 0.006937 0.004774 -0.989093 -0.002452 0.000098 -0.000631
12.750000 0.007194 0.004451 -0.989149 -0.001836 0.000733 -0.000856
12.800000 0.006927 0.004782 -0.988639 -0.002230 0.000423 -0.001241
12.850000 0.006853 0.004589 -0.988446 -0.002621 0.000193 -0.001467
12.900000 0.006864 0.004582 -0.988964 -0.003246 -0.000274 -0.001776
12.950000 0.006667 0.004579 -0.988970 -0.003404 -0.000832 -0.001676
13.000000 0.006730 0.004383 -0.989032 -0.003174 -0.001157 -0.001413
13.050000 0.006861 0.004385 -0.989028 -0.003323 -0.000659 -0.000915
13.100000 0.006738 0.004446 -0.989354 -0.003018 -0.001146 -0.001121
13.150000 0.006602 0.004183 -0.989485 -0.002622 -0.000334 -0.000451
13.200000 0.006874 0.004313 -0.989737 -0.002629 -0.000161 -0.001373
13.250000 0.006748 0.004108 -0.990323 -0.002395 0.000415 -0.001808
13.300000 0.006748 0.004108 -0.990323 -0.002231 0.000747 -0.001292
13.350000 0.007273 0.004049 -0.990244 -0.001841 0.000586 -0.001093
13.400000 0.007214 0.004111 -0.990504 -0.001529 0.000104 -0.001047
13.450000 0.006894 0.004169 -0.990837 -0.001062 -0.000464 -0.001244
13.500000 0.006701 0.004229 -0.990972 -0.001356 -0.000687 -0.000416
13.550000 0.006565 0.003964 -0.991103 -0.000649 -0.000694 -0.000295
13.600000 0.006499 0.003964 -0.991104 -0.000039 -0.001185 -0.002000
13.650000 0.006627 0.004036 -0.990841 0.001057 -0.000795 -0.001637
13.700000 0.006626 0.003904 -0.990969 0.001297 -0.000871 -0.002236
13.750000 0.006763 0.003837 -0.991287 0.001083 -0.000854 -0.001808
13.800000 0.006628 0.003637 -0.991419 0.001023 -0.001086 -0.001536
13.850000 0.006561 0.003637 -0.991357 0.000725 -0.000989 -0.001829
13.900000 0.006629 0.003901 -0.991099 0.000576 -0.001221 -0.002597
13.950000 0.006295 0.003967 -0.990785 0.001057 -0.001064 -0.002090
14.000000 0.006225 0.003970 -0.990592 0.000996 -0.001058 -0.001594
14.050000 0.006154 0.003773 -0.990658 0.001082 -0.001463 -0.001652
14.100000 0.006020 0.003707 -0.990597 0.000553 -0.001446 -0.001873
14.150000 0.006284 0.003710 -0.990589 0.000118 -0.000295 -0.000750
14.200000 0.006535 0.003654 -0.990064 -0.000566 -0.000276 -0.000740
14.250000 0.006467 0.003656 -0.989936 -0.000383 0.000938 0.000469
14.300000 0.007158 0.002825 -0.989264 -0.000042 0.002715 0.001992
14.350000 0.011124 0.002869 -0.989351 0.000952 0.006668 0.006301
14.400000 0.012888 0.002105 -0.989363 0.002730 0.006944 0.005536
14.450000 0.021335 0.001876 -0.989199 -0.009459 0.006697 0.004797
14.500000 0.028261 0.003020 -0.987337 -0.018717 0.005802 0.004322
14.550000 0.038483 0.003015 -0.986480 -0.021633 0.004817 0.005966
14.600000 0.043637 0.003601 -0.986334 -0.022736 0.005326 0.011040
14.650000 0.046778 0.006311 -0.986848 -0.020883 0.003564 0.011695
14.700000 0.048019 0.002799 -0.987095 -0.006674 0.000573 0.014841
14.750000 0.049325 -0.000578 -0.986947 -0.000098 -0.003184 0.010220
14.800000 0.050475 -0.001266 -0.986804 0.008006 -0.002517 0.018313
14.850000 0.050186 -0.002775 -0.986666 0.019336 -0.001446 0.024768
14.900000 0.051111 -0.002831 -0.986722 0.024396 -0.000532 0.028708
14.950000 0.048783 -0.003243 -0.986844 0.036449 0.001666 0.020416
15.000000 0.053821 -0.004281 -0.986565 0.034482 -0.001705 0.026108
15.050000 0.051782 -0.003427 -0.987022 0.040809 -0.003582 0.018313
15.100000 0.051472 -0.004925 -0.986783 0.035951 -0.010280 0.004537
15.150000 0.048990 -0.002385 -0.986364 0.035436 -0.011417 0.015479
15.200000 0.042121 -0.001719 -0.986252 0.055817 -0.010261 0.015904
15.250000 0.037384 -0.003375 -0.987979 0.069830 -0.011053 0.020629
15.300000 0.025925 -0.006555 -0.988696 0.074616 -0.008665 0.018214
15.350000 0.019790 -0.008507 -0.988695 0.076951 -0.011094 0.020609
15.400000 0.014277 -0.012506 -0.988303 0.073684 -0.011011 0.015971
15.450000 0.014633 -0.007660 -0.988039 0.050606 -0.008520 0.002589
15.500000 0.007645 -0.004612 -0.988364 0.045305 -0.005863 0.001664
15.550000 0.003979 -0.003509 -0.988430 0.039033 -0.007240 -0.009753
15.600000 0.001518 -0.001540 -0.988428 0.030403 -0.007661 -0.018096
15.650000 -0.001712 -0.002375 -0.988163 0.024368 -0.007097 -0.021576
15.700000 0.000830 -0.001903 -0.988027 0.010091 -0.009330 -0.012605
15.750000 -0.005802 -0.001475 -0.988023 0.012971 -0.007054 -0.019181
15.800000 -0.009999 -0.004106 -0.987901 0.009028 -0.007531 -0.011069
15.850000 -0.019557 -0.000429 -0.988034 0.022564 -0.003110 -0.000172
15.900000 -0.018099 -0.002205 -0.988430 0.022451 -0.004165 -0.011145
15.950000 -0.018779 -0.002749 -0.988166 0.014647 -0.004451 -0.011715
16.000000 -0.020630 -0.002174 -0.988423 0.010376 -0.001412 -0.015340
16.050000 -0.008763 -0.006041 -0.988481 0.003306 -0.002080 -0.022320
16.100000 -0.007325 -0.004735 -0.988551 0.002334 0.001035 -0.027977
16.150000 -0.004485 -0.003509 -0.988741 0.003907 0.002531 -0.023931
16.200000 -0.005535 -0.004652 -0.989457 0.012383 0.001968 -0.014351
16.250000 0.000944 -0.004117 -0.989133 0.010722 0.002737 -0.009382
16.300000 0.004001 -0.004467 -0.989713 0.008355 0.003771 -0.006159
16.350000 0.007144 -0.004853 -0.989647 0.005501 0.002950 -0.004450
16.400000 0.009645 -0.004225 -0.990044 0.007014 0.001280 -0.005478
16.450000 0.009633 -0.004285 -0.990313 0.009391 0.001135 -0.006490
16.500000 0.011958 -0.003602 -0.990640 0.008766 0.000664 -0.007051
16.550000 0.017955 -0.001116 -0.990706 0.006049 0.001227 -0.009375
16.600000 0.024525 -0.003202 -0.990838 -0.003294 -0.000393 -0.009539
16.650000 0.024174 -0.003325 -0.990644 -0.005201 0.001853 -0.008519
16.700000 0.023872 -0.002949 -0.990911 -0.005496 0.002104 -0.007170
16.750000 0.023938 -0.002815 -0.990910 -0.005672 0.001130 -0.007653
16.800000 0.013696 0.004116 -0.990723 -0.000254 0.000940 -0.001111
16.850000 0.013691 0.004055 -0.990461 -0.001055 -0.000504 -0.002235
16.900000 0.013493 0.004116 -0.990467 -0.001685 -0.000328 -0.002403
16.950000 0.013407 0.003931 -0.989755 -0.001693 0.000239 -0.002328
17.000000 0.013410 0.003865 -0.989948 -0.001552 -0.000256 -0.002173
17.050000 0.013539 0.003869 -0.989750 -0.000722 0.000123 -0.001938
17.100000 0.013354 0.004056 -0.990211 -0.000432 0.000191 -0.001630
17.150000 0.013285 0.004125 -0.989954 -0.001617 0.000380 -0.002287
17.200000 0.013221 0.004123 -0.990019 -0.002106 0.000467 -0.002070
17.250000 0.013158 0.004185 -0.990087 -0.002369 0.000466 -0.002327
17.300000 0.013166 0.004377 -0.990282 -0.002246 0.000049 -0.002343
17.350000 0.013164 0.004311 -0.990282 -0.002743 0.000623 -0.002525
17.400000 0.013425 0.004250 -0.990146 -0.002252 -0.000131 -0.003653
17.450000 0.013227 0.004116 -0.990343 -0.001678 -0.000564 -0.003750
17.500000 0.012959 0.003917 -0.990413 -0.001706 -0.000408 -0.003924
17.550000 0.012822 0.003786 -0.990350 -0.001106 -0.000025 -0.003061
17.600000 0.012839 0.003776 -0.991128 -0.000596 0.000847 -0.003470
17.650000 0.012774 0.003710 -0.991258 -0.000470 0.000834 -0.003169
17.700000 0.012645 0.003770 -0.991392 0.000051 0.001462 -0.002309
17.750000 0.012316 0.003698 -0.991529 -0.000514 0.001873 -0.001540
17.800000 0.012113 0.003765 -0.991276 -0.001310 0.001643 -0.001640
17.850000 0.012178 0.003702 -0.991208 -0.001327 0.001472 -0.000861
17.900000 0.012246 0.003833 -0.991143 -0.000813 0.000718 -0.000316
17.950000 0.012367 0.003708 -0.990815 0.000023 0.001013 0.000236
18.000000 0.012231 0.003775 -0.990625 -0.000456 0.001019 0.000538
18.050000 0.012229 0.003712 -0.990560 -0.000623 0.001503 0.001318
18.100000 0.012439 0.003773 -0.991073 -0.001176 0.001268 0.001701
18.150000 0.012380 0.003837 -0.991269 -0.001350 0.001104 0.001452
18.200000 0.012507 0.003709 -0.991201 -0.002756 0.000648 0.001273
18.250000 0.012891 0.003655 -0.990608 -0.003008 -0.000165 0.001103
18.300000 0.013226 0.003855 -0.990600 -0.003413 -0.000159 0.000537
18.350000 0.013345 0.003732 -0.990143 -0.003275 -0.000900 0.000612
18.400000 0.013349 0.003927 -0.990145 -0.003207 -0.000582 0.000925
18.450000 0.013748 0.003931 -0.990199 -0.003999 -0.001298 0.000436
18.500000 0.013869 0.003806 -0.989872 -0.003085 -0.000839 0.000124
18.550000 0.013680 0.004127 -0.990010 -0.002479 -0.001267 0.000443
18.600000 0.013820 0.004124 -0.990394 -0.002733 -0.001428 -0.000673
18.650000 0.013693 0.004252 -0.990462 -0.002665 -0.000946 -0.000912
18.700000 0.013880 0.004197 -0.989939 -0.003129 -0.000776 -0.000045
18.750000 0.013743 0.003999 -0.989941 -0.002298 -0.001373 -0.000357
18.800000 0.013417 0.004322 -0.989822 -0.003032 -0.002820 -0.002984
18.850000 0.013248 0.005362 -0.989964 -0.002166 -0.006423 -0.006472
18.900000 0.012493 0.008596 -0.991237 -0.002203 -0.008459 -0.008380
18.950000 0.011098 0.007724 -0.991916 -0.005614 -0.008860 -0.009283
19.000000 0.009268 0.003584 -0.997637 -0.012478 -0.013644 -0.005544
19.050000 0.007654 0.004604 -1.007602 -0.017478 -0.013278 0.004964
19.100000 0.015219 0.003153 -1.029548 -0.034038 -0.025282 0.006861
19.150000 0.015560 0.004925 -1.043612 -0.030446 -0.020755 0.018088
19.200000 0.016778 -0.000177 -1.060259 -0.027795 -0.030591 0.019448
19.250000 0.018556 -0.002047 -1.074712 -0.012255 -0.029952 0.015071
19.300000 0.018845 -0.006052 -1.086664 0.009001 -0.010852 0.025845
19.350000 0.014699 -0.005668 -1.093324 0.027527 0.010025 0.040803
19.400000 0.015401 -0.005176 -1.100953 0.019959 0.022487 0.066459
19.450000 0.021591 -0.002662 -1.103395 -0.008357 0.040224 0.088841
19.500000 0.030735 0.001558 -1.102855 -0.042542 0.056075 0.128382
19.550000 0.042322 0.004014 -1.094917 -0.074260 0.078689 0.172240
19.600000 0.052167 0.001490 -1.082324 -0.091563 0.104827 0.204573
19.650000 0.057537 -0.003772 -1.061215 -0.091172 0.143018 0.233037
19.700000 0.068520 -0.011091 -1.042274 -0.084196 0.163892 0.232738
19.750000 0.075985 -0.013138 -1.016531 -0.068795 0.188862 0.214912
19.800000 0.085732 -0.022914 -0.995143 -0.070615 0.184861 0.186812
19.850000 0.084958 -0.029028 -0.959420 -0.040687 0.216692 0.150723
19.900000 0.090302 -0.040551 -0.938008 -0.052110 0.216027 0.141897
19.950000 0.093370 -0.045276 -0.913596 -0.048497 0.245543 0.122542
20.000000 0.098885 -0.052691 -0.892402 -0.075907 0.243026 0.120787
20.050000 0.106345 -0.058467 -0.876934 -0.104104 0.227607 0.108296
20.100000 0.120636 -0.069215 -0.868440 -0.126986 0.208634 0.088707
20.150000 0.128418 -0.079487 -0.857858 -0.122128 0.196161 0.062161
20.200000 0.130419 -0.092934 -0.855507 -0.097964 0.173812 0.044423
20.250000 0.130198 -0.105828 -0.853738 -0.062540 0.160284 0.004189
20.300000 0.126804 -0.119084 -0.861576 -0.027867 0.138237 -0.037095
20.350000 0.123934 -0.127690 -0.873321 -0.011422 0.115451 -0.063790
20.400000 0.126789 -0.135681 -0.892561 -0.012898 0.076881 -0.092337
20.450000 0.124654 -0.137563 -0.909387 -0.014072 0.059266 -0.091974
20.500000 0.126820 -0.141323 -0.928611 -0.023413 0.038935 -0.080427
20.550000 0.126535 -0.142105 -0.937944 -0.015271 0.047246 -0.063681
20.600000 0.127122 -0.144807 -0.950090 -0.030025 0.028184 -0.029017
20.650000 0.129413 -0.145383 -0.955921 -0.022811 0.025471 -0.031334
20.700000 0.132575 -0.146620 -0.963214 -0.031984 0.004723 -0.009553
20.750000 0.132787 -0.147663 -0.968189 -0.022035 0.006485 -0.002240
20.800000 0.131683 -0.148417 -0.969964 -0.018678 0.002244 0.004768
20.850000 0.129539 -0.148819 -0.968982 -0.015508 -0.001257 0.007730
20.900000 0.128514 -0.149181 -0.970821 -0.014283 -0.006251 0.009798
20.950000 0.128815 -0.147678 -0.970823 -0.012428 -0.004260 0.000459
21.000000 0.128640 -0.148425 -0.972832 -0.017277 -0.007872 0.003744
21.050000 0.129104 -0.147890 -0.972240 -0.022128 -0.007498 0.004258
21.100000 0.131131 -0.148051 -0.971344 -0.021295 -0.005647 0.001414
21.150000 0.131436 -0.147368 -0.969332 -0.017954 -0.000536 0.009468
21.200000 0.132506 -0.147631 -0.970273 -0.020812 -0.006397 0.012530
21.250000 0.132979 -0.146905 -0.969941 -0.017690 -0.004285 0.015262
21.300000 0.133058 -0.147838 -0.971553 -0.016934 -0.010649 0.017484
21.350000 0.133426 -0.146533 -0.971812 -0.015309 -0.008659 0.016791
21.400000 0.134815 -0.147048 -0.972481 -0.014696 -0.012091 0.018381
21.450000 0.135208 -0.146642 -0.971761 -0.007686 -0.009755 0.015992
21.500000 0.136622 -0.146112 -0.972310 -0.005421 -0.008353 0.018159
21.550000 0.137754 -0.145641 -0.972218 0.002494 -0.006041 0.013634
21.600000 0.137654 -0.144801 -0.972745 0.004799 -0.003016 0.019292
21.650000 0.137948 -0.144907 -0.971181 0.007243 0.002203 0.021941
21.700000 0.137762 -0.145472 -0.969368 0.009364 0.002957 0.025769
21.750000 0.138724 -0.146503 -0.969141 0.010023 0.000989 0.023074
21.800000 0.140764 -0.146741 -0.969150 0.013025 0.001886 0.021756
21.850000 0.141692 -0.146800 -0.969382 0.012759 0.002298 0.026041
21.900000 0.143557 -0.147650 -0.971076 0.012543 -0.001027 0.021197
21.950000 0.143795 -0.147763 -0.969969 0.016752 0.003902 0.022911
22.000000 0.143486 -0.148864 -0.969127 0.017223 0.003726 0.023870
22.050000 0.144007 -0.148721 -0.968660 0.014773 0.003874 0.025518
22.100000 0.146515 -0.150082 -0.970074 0.010281 -0.002430 0.027138
22.150000 0.148030 -0.149466 -0.969198 0.011863 0.004441 0.027008
22.200000 0.150465 -0.148771 -0.968035 0.007813 0.005686 0.030229
22.250000 0.150765 -0.148682 -0.966537 0.006440 0.003933 0.032756
22.300000 0.153862 -0.148508 -0.965938 -0.001265 -0.000092 0.035936
22.350000 0.155713 -0.149747 -0.967371 -0.000975 -0.003027 0.035462
22.400000 0.158170 -0.149992 -0.968210 -0.002527 -0.001031 0.032995
22.450000 0.160680 -0.150161 -0.968335 -0.003131 0.002239 0.032205
22.500000 0.162617 -0.149247 -0.965114 -0.002062 0.009691 0.034769
22.550000 0.163416 -0.147432 -0.957006 -0.002244 0.014085 0.037552
22.600000 0.164645 -0.144399 -0.946045 -0.004784 0.006993 0.042359
22.650000 0.166459 -0.140891 -0.934098 -0.009674 -0.011016 0.049905
22.700000 0.167395 -0.137089 -0.923991 -0.011774 -0.043001 0.050395
22.750000 0.169618 -0.135521 -0.921026 -0.019298 -0.081674 0.052333
22.800000 0.173668 -0.128597 -0.913970 -0.011428 -0.100176 0.038569
22.850000 0.174679 -0.124532 -0.913322 -0.011551 -0.126119 0.041064
22.900000 0.173947 -0.113824 -0.907001 -0.005630 -0.144655 0.033550
22.950000 0.173170 -0.106152 -0.908242 -0.003524 -0.167321 0.033056
23.000000 0.178619 -0.096343 -0.910886 -0.003168 -0.189849 0.018266
23.050000 0.179206 -0.091093 -0.913823 0.005618 -0.210170 0.013077
23.100000 0.180558 -0.078083 -0.912842 0.015795 -0.206545 0.019041
23.150000 0.179745 -0.068334 -0.910017 0.039258 -0.207742 0.013141
23.200000 0.180622 -0.060313 -0.911022 0.062527 -0.205758 0.000976
23.250000 0.176250 -0.054386 -0.913061 0.087458 -0.204548 -0.014666
23.300000 0.176469 -0.047034 -0.924251 0.104840 -0.205078 -0.045134
23.350000 0.172549 -0.041666 -0.938972 0.122364 -0.201630 -0.070835
23.400000 0.170374 -0.037329 -0.959083 0.120611 -0.197020 -0.088220
23.450000 0.165222 -0.032346 -0.972215 0.116705 -0.169666 -0.101783
23.500000 0.163421 -0.020400 -0.979541 0.102642 -0.134968 -0.108763
23.550000 0.155147 -0.013919 -0.990239 0.089494 -0.122578 -0.111799
23.600000 0.149893 -0.008562 -0.994953 0.081685 -0.110084 -0.121529
23.650000 0.137372 -0.008454 -1.005658 0.086316 -0.099715 -0.127501
23.700000 0.134287 -0.005343 -1.009262 0.074684 -0.091502 -0.147902
23.750000 0.121661 -0.005923 -1.012836 0.080015 -0.071151 -0.150839
23.800000 0.115420 -0.003784 -1.018265 0.065845 -0.051982 -0.160144
23.850000 0.110710 -0.005459 -1.022396 0.051199 -0.046456 -0.179628
23.900000 0.104020 -0.004660 -1.030096 0.040489 -0.038036 -0.183524
23.950000 0.096560 -0.000993 -1.032395 0.013794 -0.037897 -0.175994
24.000000 0.093686 0.005737 -1.038675 -0.010518 -0.038233 -0.160670
24.050000 0.084126 0.009126 -1.035844 -0.031745 -0.038886 -0.162056
24.100000 0.074979 0.008554 -1.031939 -0.042856 -0.038270 -0.154464
24.150000 0.069463 0.014473 -1.023703 -0.035283 -0.018387 -0.156433
24.200000 0.064450 0.015868 -1.022422 -0.028142 -0.017114 -0.160733
24.250000 0.054517 0.014225 -1.020020 -0.007871 -0.015300 -0.163327
24.300000 0.049984 0.011526 -1.018048 -0.001694 -0.007913 -0.150015
24.350000 0.043733 0.012940 -1.014402 0.010406 0.010950 -0.145517
24.400000 0.045696 0.011759 -1.011749 0.001046 0.013144 -0.132909
24.450000 0.039611 0.010877 -1.009249 0.010451 0.025484 -0.115435
24.500000 0.038087 0.010443 -1.006372 0.005114 0.029764 -0.102708
24.550000 0.032736 0.013010 -1.000313 0.013651 0.033756 -0.090804
24.600000 0.026141 0.012971 -0.997768 0.017174 0.026172 -0.080312
24.650000 0.023493 0.012788 -0.994598 0.005009 0.016653 -0.072186
24.700000 0.019081 0.011382 -0.993671 0.009743 0.012618 -0.066517
24.750000 0.014614 0.008132 -0.989167 0.010775 0.008444 -0.069132
24.800000 0.012776 0.005496 -0.989523 0.014491 0.005234 -0.040150
24.850000 0.014310 0.007847 -0.990535 0.010185 0.006725 -0.031145
24.900000 0.010281 0.004267 -0.991526 0.007395 0.000529 -0.020393
24.950000 0.010479 0.004402 -0.991328 0.003675 0.002489 -0.006622
25.000000 0.011443 0.002970 -0.991745 0.002739 0.003647 0.000032
25.050000 0.011501 0.002646 -0.991676 0.002438 0.003246 0.001058
25.100000 0.011412 0.002063 -0.991285 0.002213 0.001460 0.002797
25.150000 0.011810 0.002529 -0.990889 -0.000490 0.001857 0.002136
25.200000 0.011029 0.002645 -0.991300 -0.000420 0.001773 0.001420
25.250000 0.010321 0.003751 -0.990937 -0.000128 -0.000350 0.000862
25.300000 0.010369 0.003034 -0.990866 0.000014 0.000135 -0.000883
25.350000 0.010037 0.003229 -0.990618 -0.000452 -0.000016 -0.001127
25.400000 0.009974 0.002962 -0.991005 -0.000448 0.000146 -0.000811
25.450000 0.009850 0.003088 -0.991203 -0.001382 -0.000236 -0.001535
25.500000 0.009657 0.003215 -0.991338 -0.001075 -0.000164 -0.001772
25.550000 0.009466 0.003275 -0.991602 -0.001461 -0.000966 -0.001380
25.600000 0.009407 0.003466 -0.991798 -0.001615 -0.001450 -0.001064
25.650000 0.009411 0.003660 -0.991800 -0.002076 -0.000868 -0.001146
25.700000 0.009344 0.003726 -0.991737 -0.002069 -0.000217 -0.000748
25.750000 0.009475 0.003664 -0.991668 -0.002230 -0.000212 -0.001542
25.800000 0.009325 0.003474 -0.991089 -0.002233 -0.000213 -0.001941
25.850000 0.009392 0.003606 -0.990959 -0.001621 -0.000149 -0.002651
25.900000 0.009000 0.003731 -0.990970 -0.001698 0.000014 -0.002813
25.950000 0.008999 0.003732 -0.990905 -0.000771 0.000395 -0.002964
26.000000 0.009064 0.003667 -0.990903 -0.001006 0.000074 -0.003207
26.050000 0.008940 0.003926 -0.990973 -0.001317 -0.000814 -0.003054
26.100000 0.009527 0.003409 -0.991148 -0.000469 -0.000594 -0.003366
26.150000 0.009657 0.003543 -0.990952 -0.000155 -0.000767 -0.002730
26.200000 0.009653 0.003546 -0.990758 0.000634 0.000428 -0.001773
26.250000 0.009984 0.003682 -0.990621 -0.000206 0.000448 -0.001071
26.300000 0.010193 0.003810 -0.990941 -0.000509 0.001022 -0.000997
26.350000 0.010058 0.003613 -0.990943 -0.000278 0.000524 -0.001000
26.400000 0.009860 0.003676 -0.990883 -0.000432 -0.000452 -0.000690
26.450000 0.010066 0.003939 -0.990880 -0.000830 -0.001908 -0.001414
26.500000 0.009997 0.004073 -0.990624 -0.001371 -0.003037 -0.001187
26.550000 0.009996 0.004140 -0.990494 -0.001054 -0.002235 -0.001026
26.600000 0.009988 0.003947 -0.990364 -0.001441 -0.002227 -0.001428
26.650000 0.010320 0.003818 -0.990548 -0.001282 -0.002153 -0.001269
26.700000 0.010377 0.003624 -0.990415 -0.002361 -0.002453 -0.001361
26.750000 0.010318 0.003883 -0.990484 -0.002510 -0.002208 -0.001204
26.800000 0.010590 0.004080 -0.990607 -0.002427 -0.002621 -0.000809
26.850000 0.010394 0.004140 -0.990742 -0.003192 -0.002930 -0.000341
26.900000 0.009997 0.004138 -0.990623 -0.003659 -0.002757 -0.001298
26.950000 0.009925 0.004071 -0.990560 -0.003662 -0.003004 -0.001932
27.000000 0.009857 0.004006 -0.990561 -0.003739 -0.003411 -0.002090
27.050000 0.009518 0.003944 -0.990244 -0.003729 -0.003414 -0.001454
27.100000 0.009713 0.004080 -0.989917 -0.003796 -0.003008 -0.001055
27.150000 0.009710 0.003684 -0.990238 -0.003314 -0.001722 -0.000173
27.200000 0.009642 0.003619 -0.990239 -0.003217 -0.000833 0.000864
27.250000 0.009837 0.003555 -0.990169 -0.003201 0.000059 0.001503
27.300000 0.010103 0.003556 -0.990292 -0.003120 -0.000351 0.001665
27.350000 0.009980 0.003748 -0.990492 -0.003339 -0.000429 0.002382
27.400000 0.009922 0.003941 -0.990689 -0.003171 0.000297 0.002865
27.450000 0.009993 0.004139 -0.990623 -0.002781 -0.000284 0.003110
27.500000 0.010050 0.003949 -0.990361 -0.002768 -0.000204 0.003671
27.550000 0.010037 0.003692 -0.990036 -0.002532 0.000440 0.003124
27.600000 0.010038 0.003890 -0.989843 -0.002454 0.001007 0.002100
27.650000 0.010237 0.003891 -0.989902 -0.002438 0.000762 0.003217
27.700000 0.010507 0.003827 -0.990152 -0.003125 0.000780 0.003138
27.750000 0.010306 0.003827 -0.989963 -0.002422 0.001168 0.003151
27.800000 0.010377 0.003956 -0.990028 -0.002805 0.000773 0.002758
27.850000 0.010638 0.003762 -0.990149 -0.002958 0.000778 0.002050
27.900000 0.010634 0.004030 -0.989632 -0.002875 0.000940 0.001741
27.950000 0.010696 0.003835 -0.989629 -0.002496 0.000118 0.000562
28.000000 0.010697 0.003637 -0.989886 -0.001862 -0.000304 0.001844
28.050000 0.010632 0.003571 -0.990018 -0.002477 -0.000205 0.001134
28.100000 0.010369 0.003698 -0.989961 -0.002788 -0.000356 -0.000050
28.150000 0.010291 0.003373 -0.989702 -0.003320 -0.000339 -0.000046
28.200000 0.010223 0.003240 -0.989833 -0.003700 -0.000489 -0.000279
28.250000 0.010231 0.003236 -0.990156 -0.003470 -0.000736 -0.001298
28.300000 0.010104 0.003428 -0.990226 -0.003694 -0.000971 -0.001291
28.350000 0.010224 0.003239 -0.989898 -0.003207 -0.001389 0.000470
28.400000 0.010086 0.003044 -0.989836 -0.003202 -0.001548 0.000084
28.450000 0.009951 0.003240 -0.989583 -0.002034 -0.001739 0.000501
28.500000 0.010405 0.003051 -0.989440 -0.002106 -0.002383 0.000195
28.550000 0.010599 0.003121 -0.989177 -0.001251 -0.002565 0.000134
28.600000 0.010400 0.003119 -0.989183 -0.000862 -0.003142 -0.000170
28.650000 0.010545 0.003178 -0.989697 -0.001326 -0.004100 -0.000877
28.700000 0.010755 0.003372 -0.990016 -0.002160 -0.003261 -0.000793
28.750000 0.010749 0.003510 -0.989563 -0.001853 -0.002696 -0.002285
28.800000 0.010490 0.003768 -0.989505 -0.001531 -0.002944 -0.001872
28.850000 0.010752 0.003708 -0.989433 -0.001280 -0.002460 -0.000985
28.900000 0.010752 0.003577 -0.989561 -0.001286 -0.003431 -0.002006
28.950000 0.010816 0.003580 -0.989430 -0.000808 -0.002952 -0.001828
29.000000 0.010681 0.003513 -0.989369 -0.000484 -0.002306 -0.001495
29.050000 0.010683 0.003379 -0.989626 -0.000089 -0.001906 -0.001717
29.100000 0.010023 0.003371 -0.989644 -0.000857 -0.001637 -0.002425
29.150000 0.010223 0.003503 -0.989575 -0.000624 -0.002290 -0.002809
29.200000 0.010087 0.003307 -0.989576 -0.001929 -0.002494 -0.003047
29.250000 0.009906 0.003493 -0.990165 -0.002140 -0.002160 -0.002004
29.300000 0.009574 0.003358 -0.990236 -0.001741 -0.001679 -0.001829
29.350000 0.009506 0.003358 -0.990109 -0.002025 -0.001016 -0.000705
29.400000 0.009499 0.003362 -0.989786 -0.001699 -0.000289 -0.000133
29.450000 0.009159 0.003231 -0.989536 -0.001678 -0.000449 0.001229
29.500000 0.008961 0.003161 -0.989671 -0.002131 -0.000676 0.001319
29.550000 0.009296 0.003094 -0.989921 -0.002590 -0.001148 0.001009
29.600000 0.009093 0.002961 -0.989926 -0.002581 -0.001388 0.001180
29.650000 0.009164 0.003223 -0.989926 -0.002022 -0.000830 0.001678
29.700000 0.009094 0.003157 -0.989864 -0.001940 -0.000502 0.000978
29.750000 0.009299 0.003419 -0.989926 -0.002551 -0.000645 0.000748
29.800000 0.009558 0.003293 -0.989853 -0.003154 0.000026 0.000600
29.850000 0.009701 0.003289 -0.990302 -0.002606 0.000259 0.000381
29.900000 0.009637 0.003286 -0.990498 -0.002205 0.000902 0.000637
29.950000 0.009565 0.003223 -0.990240 -0.001958 0.001224 0.000814
30.000000 0.009557 0.003094 -0.990046 -0.002104 0.001963 0.000272
30.050000 0.009625 0.002962 -0.990302 -0.003105 0.001586 -0.000359
30.100000 0.009688 0.002767 -0.990428 -0.003188 0.001104 -0.001854
30.150000 0.009160 0.002697 -0.990506 -0.003566 0.000710 -0.001765
30.200000 0.009301 0.002759 -0.990826 -0.003028 0.000292 -0.002858
30.250000 0.009302 0.002693 -0.990956 -0.003086 0.001190 -0.002288
30.300000 0.009301 0.002761 -0.990826 -0.003064 0.002004 -0.001400
30.350000 0.009440 0.002892 -0.991016 -0.002357 0.001662 -0.000826
30.400000 0.009240 0.002891 -0.990892 -0.002576 0.001263 -0.000339
30.450000 0.009372 0.002893 -0.990888 -0.002724 0.001107 -0.000644
30.500000 0.009175 0.002493 -0.991344 -0.002172 0.000606 0.000008
30.550000 0.008645 0.002553 -0.991230 -0.002396 -0.000199 0.000178
30.600000 0.008703 0.002558 -0.990906 -0.002403 -0.000439 -0.001475
30.650000 0.008703 0.002558 -0.990906 -0.002942 0.000067 -0.002970
30.700000 0.008769 0.002558 -0.990969 -0.002246 0.000539 -0.004219
30.750000 0.007893 0.002162 -0.990666 -0.001555 0.001093 -0.005943
30.800000 0.007284 0.001702 -0.990486 -0.000939 0.001080 -0.007429
30.850000 0.006818 0.001699 -0.990304 0.000167 0.001621 -0.005976
30.900000 0.006687 0.001364 -0.990758 0.003407 0.001374 -0.006886
30.950000 0.006214 0.001102 -0.990574 0.003412 0.002191 -0.008138
31.000000 0.005752 0.000832 -0.990779 0.003783 0.001859 -0.010739
31.050000 0.005876 0.000177 -0.991159 0.006005 0.002616 -0.014037
31.100000 0.009456 -0.002067 -0.991242 0.021215 0.004575 -0.023320
31.150000 0.005559 -0.001912 -0.991153 0.050863 0.007040 -0.031047
31.200000 0.007442 -0.004123 -0.992187 0.071262 0.008695 -0.037668
31.250000 0.005089 -0.003858 -0.989984 0.112258 0.011831 -0.044656
31.300000 0.002458 -0.003961 -0.990636 0.164247 0.014017 -0.046392
31.350000 -0.000647 -0.004064 -0.990783 0.218965 0.015559 -0.044535
31.400000 -0.005028 -0.003965 -0.989604 0.268488 0.017161 -0.045424
31.450000 -0.001043 -0.007623 -0.988630 0.314933 0.020797 -0.046735
31.500000 -0.005324 -0.004940 -0.989216 0.386994 0.022606 -0.045992
31.550000 -0.002451 -0.007072 -0.990161 0.450897 0.027154 -0.044608
31.600000 0.001965 -0.009844 -0.986655 0.527831 0.032086 -0.043978
31.650000 0.001581 -0.011693 -0.983218 0.608704 0.037399 -0.042835
31.700000 -0.001009 -0.009569 -0.983240 0.686263 0.038082 -0.038480
31.750000 -0.004755 -0.009361 -0.984055 0.742428 0.041538 -0.038994
31.800000 -0.000227 -0.012030 -0.982554 0.805511 0.042938 -0.040877
31.850000 -0.000034 -0.010701 -0.980874 0.888989 0.047684 -0.024244
31.900000 -0.004854 -0.007598 -0.983681 0.986665 0.046683 -0.012014
31.950000 -0.013181 -0.005151 -0.983921 1.056823 0.050406 -0.000740
32.000000 -0.006683 -0.006837 -0.983865 1.093773 0.051443 0.007453
32.050000 -0.012273 -0.004796 -0.982733 1.135528 0.050321 0.011006
32.100000 -0.011370 -0.003158 -0.982914 1.150128 0.049358 0.013758
32.150000 -0.011659 -0.001244 -0.985852 1.165956 0.047142 0.016599
32.200000 -0.016255 0.001227 -0.987352 1.177061 0.043183 0.018601
32.250000 -0.009982 -0.001838 -0.987683 1.164963 0.038463 0.022376
32.300000 -0.013067 -0.002441 -0.986206 1.172900 0.033532 0.024189
32.350000 -0.023689 0.001936 -0.991250 1.153278 0.028935 0.023215
32.400000 -0.024576 0.003383 -0.994458 1.113866 0.025680 0.024840
32.450000 -0.020646 -0.001080 -0.994969 1.058776 0.024474 0.022916
32.500000 -0.013331 -0.003460 -0.993719 1.039433 0.020517 0.026784
32.550000 -0.021198 -0.001137 -0.994011 1.043437 0.017719 0.035943
32.600000 -0.028574 0.000643 -0.996101 0.998684 0.012331 0.037116
32.650000 -0.021762 -0.002444 -0.993693 0.909038 0.010587 0.035588
32.700000 -0.014826 -0.004705 -0.993038 0.845803 0.004234 0.032071
32.750000 -0.026282 0.000817 -0.994809 0.802491 0.000110 0.029848
32.800000 -0.017660 -0.001382 -0.995730 0.719099 -0.001802 0.029170
32.850000 -0.016070 -0.003774 -0.995541 0.658380 -0.002694 0.027195
32.900000 -0.010595 -0.007729 -0.993488 0.610560 -0.001900 0.026370
32.950000 -0.011747 -0.005714 -0.993013 0.579849 -0.002052 0.024508
33.000000 -0.017522 -0.000878 -0.992359 0.536879 -0.000736 0.022300
33.050000 -0.017518 0.001794 -0.992572 0.464454 -0.000746 0.021727
33.100000 -0.011975 0.000050 -0.991116 0.406147 -0.000972 0.021758
33.150000 -0.010984 0.000194 -0.990898 0.361696 -0.001812 0.019057
33.200000 -0.012588 0.002200 -0.990759 0.337844 -0.000602 0.015911
33.250000 -0.017095 0.004169 -0.990959 0.298371 -0.001091 0.017698
33.300000 -0.012572 0.006035 -0.996424 0.233150 -0.002760 0.021551
33.350000 -0.009899 0.004633 -0.996343 0.179229 -0.003505 0.012181
33.400000 -0.008864 0.004065 -0.995858 0.141884 -0.002909 0.009785
33.450000 -0.010283 0.005747 -0.995584 0.114822 -0.001778 0.009942
33.500000 -0.003849 0.001319 -0.995574 0.080510 -0.001672 0.010587
33.550000 -0.004718 0.001183 -0.995337 0.070878 -0.000357 0.010426
33.600000 -0.004698 0.001833 -0.995534 0.062615 -0.000298 0.009241
33.650000 -0.006170 0.003377 -0.995908 0.045253 -0.001134 0.008924
33.700000 -0.005140 0.002082 -0.996065 0.018808 -0.001483 0.010192
33.750000 -0.001356 -0.002438 -0.995868 0.001225 -0.000443 0.009797
33.800000 -0.001015 -0.002244 -0.996120 0.001838 0.000273 0.008931
33.850000 -0.000497 -0.002628 -0.995975 0.001829 -0.000459 0.008061
33.900000 -0.000569 -0.002558 -0.995651 0.002063 -0.001361 0.008542
33.950000 -0.000640 -0.002293 -0.995138 0.003159 -0.002775 0.010775
34.000000 0.000015 -0.002349 -0.994925 0.005062 -0.002255 0.007385
34.050000 -0.002371 -0.004073 -0.990311 0.000908 -0.000594 -0.001293
34.100000 -0.001979 -0.003801 -0.989849 0.000298 -0.000659 -0.000899
34.150000 -0.001907 -0.004004 -0.990364 0.000517 -0.000665 -0.002559
34.200000 -0.001859 -0.004123 -0.989647 -0.000185 -0.001134 -0.003515
34.250000 -0.001669 -0.004314 -0.989512 -0.000647 -0.001121 -0.003833
34.300000 -0.001474 -0.004375 -0.989378 -0.001039 -0.001761 -0.004547
34.350000 -0.001343 -0.004440 -0.989375 -0.001799 -0.001579 -0.003678
34.400000 -0.001278 -0.004439 -0.989310 -0.002650 -0.001556 -0.004396
34.450000 -0.001141 -0.004308 -0.989308 -0.003102 -0.001789 -0.003445
34.500000 -0.001066 -0.004114 -0.989501 -0.003329 -0.002272 -0.002969
34.550000 -0.001212 -0.004371 -0.989177 -0.003257 -0.002843 -0.003600
34.600000 -0.001465 -0.004116 -0.989445 -0.002630 -0.002291 -0.002801
34.650000 -0.001196 -0.004248 -0.989825 -0.002632 -0.002128 -0.003118
34.700000 -0.001256 -0.004186 -0.990022 -0.002245 -0.001407 -0.003431
34.750000 -0.001247 -0.004058 -0.990282 -0.002020 -0.001982 -0.003747
34.800000 -0.000918 -0.004053 -0.990209 -0.002010 -0.001413 -0.002953
34.850000 -0.000918 -0.004118 -0.990272 -0.001549 -0.001426 -0.003500
34.900000 -0.000527 -0.004242 -0.990068 -0.002547 -0.001643 -0.003269
34.950000 -0.000644 -0.004122 -0.990656 -0.002471 -0.001564 -0.003820
35.000000 -0.000514 -0.003920 -0.990265 -0.002857 -0.001878 -0.004138
35.050000 -0.000575 -0.003792 -0.990396 -0.002538 -0.001562 -0.003497
35.100000 -0.000447 -0.003920 -0.990391 -0.002461 -0.001483 -0.003968
35.150000 -0.000704 -0.003729 -0.990528 -0.001675 -0.001423 -0.002847
35.200000 -0.000502 -0.003861 -0.990910 -0.002509 -0.000425 -0.002609
35.250000 -0.000825 -0.004002 -0.991371 -0.002515 -0.000913 -0.003714
35.300000 -0.001017 -0.003875 -0.991507 -0.003114 -0.000491 -0.002761
35.350000 -0.000948 -0.003612 -0.991378 -0.003489 -0.000318 -0.002439
35.400000 -0.001143 -0.003684 -0.991643 -0.003946 -0.000875 -0.002356
35.450000 -0.001073 -0.003817 -0.991964 -0.004016 -0.001768 -0.001795
35.500000 -0.001076 -0.003816 -0.991835 -0.004467 -0.001431 -0.001472
35.550000 -0.001269 -0.003757 -0.992033 -0.004923 -0.001662 -0.001388
35.600000 -0.001339 -0.004021 -0.992163 -0.005614 -0.002538 -0.000834
35.650000 -0.001534 -0.003893 -0.992233 -0.005294 -0.002221 -0.000029
35.700000 -0.001341 -0.003689 -0.991776 -0.004974 -0.002311 0.000933
35.750000 -0.001599 -0.003895 -0.992365 -0.004418 -0.001838 0.002137
35.800000 -0.001536 -0.003958 -0.992233 -0.005045 -0.002308 0.001108
35.850000 -0.001933 -0.003897 -0.992181 -0.005502 -0.002458 0.001589
35.900000 -0.001945 -0.004154 -0.991922 -0.005657 -0.002941 0.001516
35.950000 -0.002277 -0.004158 -0.991866 -0.004809 -0.002718 0.001532
36.000000 -0.001891 -0.004280 -0.991530 -0.004491 -0.001913 0.002257
36.050000 -0.001545 -0.004286 -0.992234 -0.003799 -0.001930 0.002192
36.100000 -0.001275 -0.004419 -0.992679 -0.004029 -0.001760 0.002434
36.150000 -0.001012 -0.004347 -0.992412 -0.002633 -0.001390 0.003167
36.200000 -0.000823 -0.004539 -0.992212 -0.002644 -0.001144 0.002062
36.250000 -0.000419 -0.004406 -0.992395 -0.002415 -0.000742 0.001673
36.300000 -0.000297 -0.004330 -0.991810 -0.001647 -0.000436 0.001288
36.350000 -0.000302 -0.004261 -0.991488 -0.001192 -0.000122 0.000424
36.400000 -0.000363 -0.003936 -0.991363 -0.001198 -0.000121 -0.000128
36.450000 -0.000503 -0.004330 -0.991495 -0.000973 -0.000533 -0.000442
36.500000 -0.000503 -0.004131 -0.991237 -0.001601 -0.001166 -0.001160
36.550000 -0.000634 -0.004134 -0.991370 -0.001140 -0.001178 -0.001313
36.600000 -0.000365 -0.003804 -0.991170 -0.000441 -0.000220 -0.001304
36.650000 -0.000224 -0.003609 -0.991360 -0.000440 0.000431 -0.001540
36.700000 -0.000018 -0.003348 -0.991423 -0.000369 0.000266 -0.002174
36.750000 0.000113 -0.003214 -0.991226 -0.000449 0.000024 -0.002334
36.800000 -0.000024 -0.003080 -0.990907 -0.000766 -0.000211 -0.003051
36.850000 -0.000636 -0.003208 -0.990273 -0.000319 -0.000867 -0.004545
36.900000 -0.001025 -0.003018 -0.990413 -0.001640 -0.001150 -0.005579
36.950000 -0.000829 -0.002948 -0.990215 -0.002730 -0.001684 -0.006532
37.000000 -0.001094 -0.003083 -0.990350 -0.002864 -0.001839 -0.004302
37.050000 -0.002075 -0.002969 -0.990702 -0.003170 -0.001825 -0.004216
37.100000 -0.004047 -0.002867 -0.991079 -0.009563 -0.000916 -0.003946
37.150000 -0.005354 -0.002294 -0.991053 -0.025387 -0.000648 -0.005746
37.200000 -0.005080 0.000510 -0.991324 -0.062395 0.001488 -0.005672
37.250000 -0.005013 0.000709 -0.991129 -0.117453 0.004027 -0.006159
37.300000 -0.008758 0.002861 -0.992864 -0.168894 0.003458 -0.005665
37.350000 -0.017437 0.007131 -0.993125 -0.211368 0.004443 -0.012307
37.400000 -0.020552 0.009113 -0.993548 -0.297972 0.004817 -0.011575
37.450000 -0.024388 0.011214 -0.994117 -0.402905 0.005762 -0.008073
37.500000 -0.022768 0.012469 -0.994277 -0.520935 0.006575 -0.011432
37.550000 -0.026583 0.012944 -0.994577 -0.636564 0.006671 -0.013264
37.600000 -0.022402 0.014304 -0.993957 -0.761746 0.007424 -0.014239
37.650000 -0.022433 0.015141 -0.994614 -0.878332 0.006805 -0.010379
37.700000 -0.025509 0.015814 -0.995283 -0.998433 0.005790 -0.002664
37.750000 -0.020418 0.016596 -0.994570 -1.134110 0.005116 -0.003339
37.800000 -0.018510 0.017707 -0.996017 -1.255012 0.004450 0.000879
37.850000 -0.011701 0.018047 -0.995837 -1.353740 0.002785 0.001411
37.900000 -0.011748 0.021041 -0.996443 -1.427685 0.004278 0.002886
37.950000 -0.007271 0.017170 -0.997139 -1.489992 -0.001776 -0.000383
38.000000 -0.007313 0.017748 -0.997662 -1.508757 -0.003468 -0.001744
38.050000 -0.002735 0.015755 -0.994546 -1.526740 -0.002333 -0.003728
38.100000 0.007115 0.012859 -0.994974 -1.551084 -0.005506 0.001523
38.150000 0.012160 0.011021 -0.995215 -1.524238 -0.006225 0.002639
38.200000 0.016887 0.007763 -0.994290 -1.475766 -0.008417 -0.000415
38.250000 0.018488 0.004965 -0.995135 -1.410430 -0.008949 0.000971
38.300000 0.021971 0.006895 -0.995119 -1.330821 -0.008480 0.002329
38.350000 0.018521 0.005343 -0.996173 -1.245748 -0.008157 0.002387
38.400000 0.019220 0.003977 -0.996467 -1.157861 -0.008151 -0.001734
38.450000 0.024236 0.002095 -0.995348 -1.053404 -0.007041 -0.007845
38.500000 0.019591 0.000799 -0.995853 -0.918362 -0.006347 -0.009078
38.550000 0.017825 0.000014 -0.994533 -0.796851 -0.006833 -0.013292
38.600000 0.012536 0.000157 -0.994092 -0.691548 -0.006483 -0.010910
38.650000 0.014485 -0.004064 -0.994269 -0.601423 -0.009877 -0.004387
38.700000 0.010357 -0.002410 -0.993871 -0.503107 -0.004949 -0.001268
38.750000 0.010738 -0.002858 -0.993663 -0.428335 -0.004759 0.002583
38.800000 0.010051 -0.002561 -0.995108 -0.359136 -0.005150 0.004478
38.850000 0.009023 -0.003674 -0.994610 -0.292332 -0.004338 0.005322
38.900000 0.007025 -0.003554 -0.993628 -0.232342 -0.004155 0.003645
38.950000 0.005992 -0.002392 -0.993468 -0.176499 -0.003700 0.003755
39.000000 0.002647 -0.000524 -0.992405 -0.123718 -0.003652 0.006613
39.050000 0.003184 -0.002599 -0.992052 -0.087928 -0.004287 0.007413
39.100000 0.002731 -0.001883 -0.991681 -0.047962 -0.005360 0.009676
39.150000 0.002331 -0.001354 -0.990853 -0.018938 -0.003049 0.010974
39.200000 -0.000067 0.000177 -0.991253 -0.002437 -0.002680 0.010330
39.250000 -0.000642 0.001082 -0.991210 -0.000893 -0.002480 0.010423
39.300000 0.000078 0.001028 -0.990931 -0.000741 -0.002161 0.010107
39.350000 0.000742 0.000900 -0.991237 -0.001071 -0.001015 0.007091
39.400000 0.000212 0.001426 -0.990543 -0.001036 0.000368 0.001698
39.450000 -0.000467 0.001295 -0.989914 -0.000727 0.000114 0.001938
39.500000 -0.000999 0.001555 -0.989477 -0.001368 -0.001251 0.000185
39.550000 -0.001278 0.001428 -0.989030 -0.001053 -0.000610 0.000585
39.600000 -0.001349 0.001099 -0.989159 -0.000977 -0.000370 0.000347
39.650000 -0.001553 0.000836 -0.989162 -0.000979 -0.000615 0.000266
39.700000 -0.001477 0.001029 -0.989356 -0.000055 -0.000478 0.000036
39.750000 -0.001217 0.000705 -0.989541 -0.000142 -0.000963 -0.000760
39.800000 -0.001352 0.000640 -0.989480 0.000093 -0.000483 -0.000600
39.850000 -0.001080 0.000572 -0.989861 -0.000058 0.000253 -0.000600
39.900000 -0.001012 0.000769 -0.989731 0.000392 -0.000816 -0.001311
39.950000 -0.001269 0.000695 -0.990126 0.000940 -0.000506 -0.000592
40.000000 -0.001136 0.000566 -0.990250 0.000162 -0.001135 -0.000917
40.050000 -0.001130 0.000628 -0.990509 -0.000835 -0.000783 -0.000449
40.100000 -0.001330 0.000495 -0.990578 -0.001141 -0.001263 0.000183
40.150000 -0.001258 0.000557 -0.990770 -0.001070 -0.000858 -0.000768
40.200000 -0.000986 0.000490 -0.991150 -0.000605 -0.000952 -0.000366
40.250000 -0.000854 0.000427 -0.991146 0.000091 -0.000157 -0.000676
40.300000 -0.000517 0.000296 -0.991588 0.000235 -0.000892 -0.001309
40.350000 -0.000715 0.000360 -0.991529 0.000080 -0.000969 -0.001231
40.400000 -0.000172 0.000622 -0.991905 -0.000222 -0.000392 -0.000836
40.450000 -0.000172 0.000622 -0.991905 -0.000529 -0.000302 -0.000758
40.500000 -0.000756 0.000938 -0.992052 -0.000299 -0.000634 -0.000677
40.550000 -0.000614 0.001131 -0.992243 -0.000608 -0.000869 -0.000441
40.600000 -0.000623 0.001004 -0.991984 -0.000386 -0.001363 -0.001233
40.650000 -0.000758 0.001004 -0.991859 -0.001008 -0.001834 -0.001478
40.700000 -0.000579 0.000687 -0.991398 -0.001705 -0.001897 -0.001722
40.750000 -0.000906 0.000879 -0.991279 -0.001233 -0.001097 -0.001162
40.800000 -0.000974 0.000879 -0.991217 -0.001083 -0.001345 -0.001478
40.850000 -0.001042 0.000878 -0.991154 -0.000544 -0.001522 -0.001473
40.900000 -0.001046 0.000946 -0.990896 -0.000152 -0.001614 -0.000755
40.950000 -0.001048 0.000816 -0.990960 -0.000697 -0.001274 -0.001631
41.000000 -0.000720 0.000424 -0.991273 -0.001463 -0.001090 -0.001398
41.050000 -0.001113 0.000682 -0.991156 -0.001764 -0.000838 -0.001003
41.100000 -0.000910 0.000615 -0.991409 -0.002301 -0.000986 -0.000769
41.150000 -0.001181 0.000683 -0.991029 -0.002075 -0.001397 -0.001797
41.200000 -0.001184 0.000485 -0.991157 -0.002067 -0.001233 -0.001636
41.250000 -0.001065 0.000363 -0.990700 -0.002216 -0.001552 -0.002032
41.300000 -0.001210 0.000040 -0.990508 -0.001595 -0.001648 -0.002580
41.350000 -0.001337 0.000168 -0.990641 -0.001806 -0.001154 -0.001786
41.400000 -0.001272 0.000104 -0.990638 -0.001716 -0.000910 -0.001862
41.450000 -0.000946 0.000311 -0.990112 -0.001313 -0.001163 -0.001222
41.500000 -0.000550 0.000316 -0.990101 -0.001690 -0.001883 -0.001224
41.550000 -0.000362 -0.000072 -0.990028 -0.001369 -0.001644 -0.001615
41.600000 -0.000222 -0.000075 -0.990412 -0.001583 -0.001637 -0.001298
41.650000 -0.000223 -0.000008 -0.990284 -0.001645 -0.002284 -0.000822
41.700000 -0.000155 0.000322 -0.990026 -0.001076 -0.002785 0.000612
41.750000 0.000056 0.000647 -0.990216 -0.000746 -0.003036 0.001171
41.800000 0.000453 0.000650 -0.990271 -0.000498 -0.003447 0.001411
41.850000 0.000513 0.000787 -0.989817 0.000216 -0.003707 0.001260
41.900000 0.000907 0.000726 -0.989807 0.000081 -0.003945 0.001418
41.950000 0.000645 0.000853 -0.989815 0.000095 -0.004513 0.001338
42.000000 0.000844 0.000921 -0.989810 0.000505 -0.003871 0.001422
42.050000 0.000772 0.000790 -0.989682 0.000067 -0.003857 0.001974
42.100000 0.000770 0.000659 -0.989745 0.000240 -0.003697 0.001818
42.150000 0.001299 0.000797 -0.989603 0.000427 -0.003131 0.002773
42.200000 0.001439 0.000991 -0.989794 0.000360 -0.003451 0.001820
42.250000 0.001649 0.000987 -0.990307 0.000695 -0.002481 0.001428
42.300000 0.001654 0.001380 -0.990115 0.001115 -0.002084 0.002464
42.350000 0.001969 0.001262 -0.989523 0.001050 -0.001998 0.001273
42.400000 0.002169 0.001263 -0.989583 0.000068 -0.001399 0.000631
42.450000 0.002232 0.001066 -0.989709 0.000009 -0.001557 0.000471
42.500000 0.001701 0.000995 -0.989724 -0.000449 -0.001866 -0.001121
42.550000 0.001674 0.000284 -0.989266 -0.000754 -0.000551 -0.004137
42.600000 0.001212 0.000015 -0.989535 0.000489 0.003162 -0.007454
42.650000 0.000602 -0.000774 -0.989674 0.001408 0.007129 -0.012518
42.700000 -0.002162 -0.000150 -0.989428 0.003013 0.012056 -0.019399
42.750000 -0.004168 -0.001392 -0.992843 0.001606 0.021211 -0.028761
42.800000 -0.009067 -0.004422 -0.995868 -0.002152 0.047110 -0.052478
42.850000 -0.010774 -0.010259 -0.996846 -0.002795 0.097238 -0.070895
42.900000 -0.013405 -0.018051 -0.996991 0.006816 0.170022 -0.086172
42.950000 -0.015326 -0.032236 -0.997526 0.017026 0.254501 -0.102060
43.000000 -0.022639 -0.046854 -0.996712 0.027909 0.343676 -0.114206
43.050000 -0.027346 -0.066741 -0.997023 0.042341 0.449747 -0.119552
43.100000 -0.039766 -0.088985 -0.991562 0.060876 0.583677 -0.114824
43.150000 -0.049641 -0.119093 -0.981183 0.061811 0.714994 -0.118588
43.200000 -0.059141 -0.153603 -0.968561 0.044537 0.839646 -0.127208
43.250000 -0.064828 -0.195198 -0.947559 0.016414 0.975162 -0.139637
43.300000 -0.069315 -0.241142 -0.925909 -0.010443 1.112100 -0.140550
43.350000 -0.072432 -0.291726 -0.896223 -0.035762 1.239327 -0.153204
43.400000 -0.076898 -0.345403 -0.862661 -0.055232 1.349725 -0.165355
43.450000 -0.076538 -0.405148 -0.823680 -0.073774 1.451229 -0.171560
43.500000 -0.076092 -0.464449 -0.775758 -0.081364 1.543969 -0.155466
43.550000 -0.073575 -0.522991 -0.721761 -0.076150 1.601551 -0.126300
43.600000 -0.075710 -0.579908 -0.673990 -0.070095 1.613480 -0.086721
43.650000 -0.079553 -0.635682 -0.622256 -0.073688 1.598843 -0.065753
43.700000 -0.080046 -0.686987 -0.561328 -0.083607 1.568680 -0.043993
43.750000 -0.078800 -0.736048 -0.514300 -0.092676 1.502959 -0.025769
43.800000 -0.078516 -0.781170 -0.454882 -0.114629 1.430597 -0.020840
43.850000 -0.070956 -0.823135 -0.404559 -0.140880 1.338672 -0.018597
43.900000 -0.063422 -0.858808 -0.352077 -0.151088 1.251936 -0.011985
43.950000 -0.057774 -0.889151 -0.304285 -0.137564 1.162531 -0.006272
44.000000 -0.054563 -0.912937 -0.261721 -0.116311 1.074539 0.008794
44.050000 -0.048245 -0.932275 -0.211139 -0.095827 0.988363 0.014654
44.100000 -0.046993 -0.947217 -0.168951 -0.062863 0.880457 0.032097
44.150000 -0.044239 -0.959119 -0.134780 -0.036783 0.779402 0.051630
44.200000 -0.046864 -0.964544 -0.104426 -0.017147 0.685514 0.070639
44.250000 -0.045445 -0.970462 -0.075320 -0.012675 0.593675 0.066270
44.300000 -0.046570 -0.974282 -0.057767 -0.012540 0.501139 0.060354
44.350000 -0.044099 -0.977929 -0.035193 -0.020209 0.429803 0.039803
44.400000 -0.040850 -0.980027 -0.019411 -0.025338 0.363351 0.032847
44.450000 -0.040384 -0.980826 -0.011166 -0.024985 0.308136 0.028019
44.500000 -0.038679 -0.982618 0.009172 -0.024343 0.280158 0.021491
44.550000 -0.036331 -0.983633 0.018827 -0.020578 0.247862 0.021646
44.600000 -0.034233 -0.985018 0.030490 -0.015389 0.204474 0.015611
44.650000 -0.034221 -0.985538 0.035547 -0.005797 0.158434 0.012932
44.700000 -0.033151 -0.986930 0.042712 0.000809 0.122311 0.015000
44.750000 -0.033849 -0.987138 0.047294 0.008783 0.075746 0.012860
44.800000 -0.038453 -0.987511 0.042833 0.013879 0.023320 0.011479
44.850000 -0.038635 -0.987565 0.038942 0.002401 0.000696 0.009833
44.900000 -0.038074 -0.987475 0.040447 -0.007154 -0.010024 0.008459
44.950000 -0.035816 -0.988783 0.038444 -0.007597 -0.023993 0.001847
45.000000 -0.037101 -0.988466 0.033938 -0.003876 -0.032304 0.000200
45.050000 -0.036218 -0.988472 0.032796 -0.004289 -0.024810 0.000761
45.100000 -0.037377 -0.988306 0.031598 -0.002096 -0.018197 0.000074
45.150000 -0.037248 -0.988436 0.031538 -0.003833 -0.014246 0.001410
45.200000 -0.038516 -0.987820 0.029815 -0.005849 -0.015409 0.000594
45.250000 -0.036601 -0.988726 0.028835 -0.009140 -0.013124 0.001676
45.300000 -0.036771 -0.988551 0.027600 -0.005738 -0.011587 0.001390
45.350000 -0.036472 -0.988791 0.028840 -0.002627 -0.008091 0.001739
45.400000 -0.037331 -0.988799 0.028882 -0.001555 -0.009501 0.001506
45.450000 -0.037443 -0.988282 0.028550 -0.004744 -0.014618 0.001308
45.500000 -0.036579 -0.989005 0.027478 -0.007695 -0.020149 0.002144
45.550000 -0.035940 -0.989027 0.025294 -0.007709 -0.022994 0.001979
45.600000 -0.035725 -0.989567 0.023879 -0.006243 -0.023358 0.001989
45.650000 -0.035942 -0.989600 0.021671 -0.004080 -0.021789 0.001376
45.700000 -0.035632 -0.990046 0.022136 -0.005730 -0.016298 0.003194
45.750000 -0.037086 -0.989573 0.019631 -0.005365 -0.019235 0.002796
45.800000 -0.036357 -0.990229 0.018749 -0.006301 -0.021324 0.002864
45.850000 -0.035469 -0.990238 0.017348 -0.005689 -0.021829 0.002630
45.900000 -0.035108 -0.990386 0.015805 -0.003883 -0.016266 0.002494
45.950000 -0.035101 -0.990522 0.015288 -0.000740 -0.007080 0.002931
46.000000 -0.035818 -0.989807 0.015718 -0.000075 0.001441 0.002630
46.050000 -0.035861 -0.990309 0.017209 -0.000587 0.004219 0.003658
46.100000 -0.036687 -0.990076 0.015891 0.001483 0.000830 0.004066
46.150000 -0.035568 -0.990061 0.016114 0.000482 0.000938 0.003817
46.200000 -0.036655 -0.990097 0.014337 0.002337 -0.000006 0.004464
46.250000 -0.036069 -0.990086 0.014806 0.002278 0.002597 0.004545
46.300000 -0.036906 -0.989512 0.014456 0.003576 0.001262 0.003521
46.350000 -0.036929 -0.989498 0.015557 0.004515 0.003026 0.003609
46.400000 -0.038625 -0.989530 0.014477 0.005890 -0.000670 0.004010
46.450000 -0.038207 -0.989141 0.013901 0.004641 -0.002262 0.003042
46.500000 -0.038268 -0.989079 0.013770 0.005736 -0.001234 0.003686
46.550000 -0.038221 -0.989067 0.014678 0.004379 0.003519 0.003916
46.600000 -0.038482 -0.988673 0.014990 0.004233 0.003767 0.003990
46.650000 -0.038643 -0.989119 0.015895 0.003910 -0.000210 0.004534
46.700000 -0.039068 -0.989017 0.014199 0.003029 -0.007750 0.005226
46.750000 -0.038081 -0.989732 0.013583 0.001391 -0.011611 0.005043
46.800000 -0.038611 -0.989182 0.011168 0.000905 -0.013959 0.003524
46.850000 -0.037317 -0.989681 0.011854 -0.003160 -0.009623 0.002855
46.900000 -0.037792 -0.989057 0.010088 -0.002770 -0.009556 0.002773
46.950000 -0.036711 -0.989550 0.011481 -0.005210 -0.004535 0.002276
47.000000 -0.037980 -0.989000 0.009629 -0.002286 -0.005755 0.001740
47.050000 -0.037232 -0.989560 0.011142 -0.003399 0.000534 0.001894
47.100000 -0.037744 -0.989177 0.010800 -0.002783 -0.000786 0.001894
47.150000 -0.036936 -0.988646 0.010752 -0.004318 -0.001316 0.002193
47.200000 -0.036604 -0.989043 0.010182 -0.004607 -0.001308 0.003378
47.250000 -0.036400 -0.989243 0.009672 -0.005444 0.000423 0.002658
47.300000 -0.036592 -0.989249 0.009343 -0.004643 0.004796 0.002116
47.350000 -0.036753 -0.989364 0.010636 -0.005374 0.011488 0.001566
47.400000 -0.036177 -0.989479 0.011301 -0.005979 0.013866 0.000614
47.450000 -0.036526 -0.989603 0.012070 -0.004069 0.010242 -0.000323
47.500000 -0.036852 -0.989079 0.012445 -0.003145 0.007377 0.000321
47.550000 -0.036705 -0.989155 0.011609 -0.002074 0.003126 0.001043
47.600000 -0.036837 -0.989156 0.011606 -0.002149 0.001836 0.000887
47.650000 -0.036515 -0.989278 0.011874 -0.002130 0.003066 0.001135
47.700000 -0.035607 -0.989257 0.012677 -0.000096 0.004810 0.002036
47.750000 -0.034618 -0.989798 0.015297 0.002080 0.004276 0.002777
47.800000 -0.036654 -0.989100 0.015497 0.004571 -0.007734 0.003104
47.850000 -0.036883 -0.988951 0.017108 0.000397 -0.025257 0.003125
47.900000 -0.036198 -0.989447 0.018492 -0.004010 -0.055295 0.001857
47.950000 -0.036168 -0.988713 0.014859 -0.006431 -0.100269 -0.000688
48.000000 -0.034862 -0.987823 0.007242 -0.008054 -0.154942 -0.002923
48.050000 -0.033804 -0.986592 -0.003883 -0.007087 -0.205381 -0.002674
48.100000 -0.033194 -0.985508 -0.015924 -0.004159 -0.250424 -0.002082
48.150000 -0.033987 -0.983278 -0.028854 0.000776 -0.294952 -0.001630
48.200000 -0.034016 -0.981198 -0.043837 0.003229 -0.342911 -0.000493
48.250000 -0.034122 -0.978162 -0.060383 0.004159 -0.401564 0.000932
48.300000 -0.034759 -0.973357 -0.080909 0.003884 -0.475145 -0.002278
48.350000 -0.035729 -0.966828 -0.108712 0.003319 -0.560997 -0.012807
48.400000 -0.035799 -0.958462 -0.136309 0.002961 -0.647427 -0.017069
48.450000 -0.037453 -0.947922 -0.170832 0.007336 -0.748700 -0.026149
48.500000 -0.038722 -0.932307 -0.211471 0.011727 -0.850797 -0.024283
48.550000 -0.039946 -0.914046 -0.254265 0.017443 -0.950815 -0.022084
48.600000 -0.042042 -0.891520 -0.304109 0.022621 -1.053505 -0.017991
48.650000 -0.043346 -0.865357 -0.355903 0.022728 -1.141097 -0.012255
48.700000 -0.043987 -0.835167 -0.409520 0.022211 -1.218342 -0.013569
48.750000 -0.044917 -0.799152 -0.461438 0.027484 -1.274519 -0.010278
48.800000 -0.046559 -0.760016 -0.513526 0.034292 -1.336180 -0.012768
48.850000 -0.048774 -0.715883 -0.567156 0.046147 -1.388467 -0.008773
48.900000 -0.052264 -0.667796 -0.621625 0.054723 -1.433262 -0.005588
48.950000 -0.051782 -0.617945 -0.674377 0.052510 -1.462073 -0.002795
49.000000 -0.053768 -0.566582 -0.724229 0.052180 -1.467350 -0.002330
49.050000 -0.052170 -0.514419 -0.770878 0.053809 -1.448204 0.003584
49.100000 -0.053293 -0.460114 -0.811332 0.061913 -1.415412 0.017669
49.150000 -0.052574 -0.407904 -0.853861 0.066863 -1.375296 0.028245
49.200000 -0.052091 -0.354658 -0.887136 0.074251 -1.304588 0.042301
49.250000 -0.052916 -0.304710 -0.912388 0.076649 -1.218454 0.049512
49.300000 -0.049733 -0.257973 -0.937187 0.069416 -1.117993 0.057530
49.350000 -0.041868 -0.216525 -0.961435 0.047884 -1.009755 0.074473
49.400000 -0.039594 -0.177041 -0.976553 0.050446 -0.894426 0.073321
49.450000 -0.037100 -0.142694 -0.986059 0.052703 -0.777060 0.079863
49.500000 -0.035475 -0.113727 -0.991985 0.053111 -0.671273 0.085261
49.550000 -0.032851 -0.088177 -0.995982 0.046326 -0.565211 0.088214
49.600000 -0.028990 -0.067490 -0.998486 0.032004 -0.472117 0.084496
49.650000 -0.022913 -0.051573 -0.998758 0.018431 -0.383112 0.081253
49.700000 -0.019517 -0.037939 -0.996756 0.015141 -0.302433 0.077298
49.750000 -0.014999 -0.026744 -0.997489 0.015633 -0.238528 0.075415
49.800000 -0.013223 -0.018033 -0.996402 0.013522 -0.183498 0.072701
49.850000 -0.009395 -0.012903 -0.996465 0.008065 -0.132119 0.068841
49.900000 -0.007885 -0.007821 -0.993285 0.003019 -0.085061 0.061800
49.950000 -0.004531 -0.005496 -0.992952 -0.009961 -0.053570 0.056963
50.000000 -0.000368 -0.004831 -0.995308 -0.019649 -0.033630 0.047856
50.050000 0.001954 -0.004282 -0.995120 -0.019609 -0.023220 0.037235
50.100000 -0.000895 -0.002478 -0.989443 0.000710 -0.010826 0.016330
50.150000 -0.000087 -0.002082 -0.989748 0.003088 -0.007559 0.012701
50.200000 -0.000056 -0.001177 -0.990207 0.004303 -0.004667 0.008744
50.250000 0.000810 -0.001303 -0.990701 0.000412 -0.000660 0.002282
50.300000 0.001012 -0.001172 -0.990761 0.000176 0.000156 0.001085
50.350000 0.001017 -0.001108 -0.990890 0.000105 0.000803 0.001158
50.400000 0.001282 -0.000907 -0.990691 0.000105 0.001043 0.000915
50.450000 0.001029 -0.000786 -0.991152 0.000497 0.001598 0.001151
50.500000 0.000961 -0.000720 -0.990962 0.000649 0.001671 0.000670
50.550000 0.001094 -0.000588 -0.990829 0.001036 0.001250 0.000905
50.600000 0.001296 -0.000125 -0.990502 0.000805 0.001171 0.000896
50.650000 0.001288 -0.000384 -0.990371 0.000664 0.001498 0.002085
50.700000 0.000830 -0.000259 -0.990449 0.000878 0.000842 0.000579
50.750000 0.001036 -0.000129 -0.990574 0.001414 0.000990 0.000108
50.800000 0.001238 -0.000064 -0.990699 0.001027 0.000592 0.000183
50.850000 0.001113 -0.000202 -0.991219 0.000868 -0.000055 0.000101
50.900000 0.001183 -0.000336 -0.991540 0.000562 -0.000454 0.000653
50.950000 0.001235 -0.000459 -0.990956 0.000409 -0.000285 0.000256
51.000000 0.001044 -0.000269 -0.991093 -0.000059 -0.001084 -0.000303
51.050000 0.001129 -0.000082 -0.991804 -0.000749 -0.001470 0.000009
51.100000 0.001323 -0.000145 -0.991734 -0.000906 -0.001870 -0.000468
51.150000 0.001246 -0.000272 -0.991346 -0.000972 -0.001460 0.000089
51.200000 0.001372 -0.000264 -0.991019 -0.001439 -0.002340 -0.000312
51.250000 0.001438 0.000001 -0.990758 -0.001438 -0.002663 -0.000469
51.300000 0.000978 -0.000005 -0.990837 -0.001206 -0.002341 -0.001021
51.350000 0.001038 -0.000267 -0.990899 -0.001887 -0.002484 0.000085
51.400000 0.000978 -0.000139 -0.991094 -0.001883 -0.002238 -0.000072
51.450000 0.001041 -0.000268 -0.991091 -0.001716 -0.002079 0.000883
51.500000 0.001165 -0.000393 -0.990892 -0.002252 -0.002225 0.000880
51.550000 0.000755 -0.000653 -0.990576 -0.001320 -0.002166 0.001127
51.600000 0.000955 -0.000386 -0.990314 -0.001466 -0.001510 0.001208
51.650000 0.001219 0.000081 -0.989727 -0.001387 -0.001591 0.001051
51.700000 0.001357 0.000477 -0.989594 -0.000538 -0.001940 0.001375
51.750000 0.001753 0.000218 -0.989841 -0.000452 -0.001780 0.002249
51.800000 0.001739 0.000161 -0.989258 0.000243 -0.001799 0.002413
51.850000 0.001555 0.000283 -0.989782 -0.000141 -0.001383 0.002331
51.900000 0.001761 0.000281 -0.990101 -0.000386 -0.001945 0.001217
51.950000 0.001898 0.000410 -0.990228 0.000704 -0.000671 0.001151
52.000000 0.001773 0.000204 -0.990813 0.000710 -0.000669 0.001391
52.050000 0.002101 0.000276 -0.990611 0.001032 -0.000350 0.002189
52.100000 0.002045 0.000335 -0.991001 0.001035 -0.000101 0.001716
52.150000 0.002242 0.000470 -0.990804 0.001656 -0.000114 0.001486
52.200000 0.002379 0.000598 -0.990931 0.001665 -0.000026 0.001490
52.250000 0.002117 0.000659 -0.991004 0.001826 0.000058 0.001336
52.300000 0.002528 0.001118 -0.991126 0.001373 0.000077 0.001494
52.350000 0.002525 0.000986 -0.991191 0.001701 0.000401 0.002454
52.400000 0.002332 0.000781 -0.991649 0.001552 0.000740 0.001822
52.450000 0.002130 0.000317 -0.992041 0.000785 0.000769 0.001184
52.500000 0.002125 0.000189 -0.991911 0.000559 0.000948 0.000552
52.550000 0.001927 0.000187 -0.991916 0.000183 0.001050 0.000394
52.600000 0.001773 -0.000065 -0.991205 0.000268 0.000326 0.000557
52.650000 0.001639 0.000001 -0.991014 0.000281 0.000093 0.000957
52.700000 0.001899 -0.000190 -0.991004 -0.000557 -0.000120 0.001428
52.750000 0.000998 0.000513 -0.991293 -0.011069 0.000818 0.006097
52.800000 0.001316 0.000328 -0.990894 -0.022425 0.003325 0.010205
52.850000 0.002276 -0.000170 -0.989958 -0.022742 0.003826 0.016868
52.900000 0.004000 -0.000221 -0.990364 -0.022150 0.001613 0.031865
52.950000 0.006245 -0.000261 -0.990433 -0.021296 0.001016 0.049325
53.000000 0.009415 -0.000291 -0.990411 -0.021120 0.000193 0.068841
53.050000 0.013824 -0.000825 -0.990289 -0.020566 0.000569 0.103673
53.100000 0.021935 -0.001120 -0.989876 -0.023810 0.001107 0.170520
53.150000 0.034144 -0.001435 -0.989611 -0.028200 0.003778 0.254256
53.200000 0.053606 -0.002543 -0.986360 -0.035244 0.013412 0.372726
53.250000 0.076263 -0.002108 -0.982515 -0.055780 0.021838 0.526690
53.300000 0.111880 -0.005730 -0.971169 -0.084115 0.038522 0.683055
53.350000 0.153259 -0.005298 -0.958855 -0.108455 0.055193 0.820734
53.400000 0.196975 -0.005762 -0.942520 -0.125477 0.059810 0.930934
53.450000 0.246673 -0.005962 -0.921296 -0.131554 0.052745 1.047324
53.500000 0.297526 -0.005952 -0.895118 -0.128550 0.043029 1.112228
53.550000 0.350901 -0.003382 -0.869669 -0.126838 0.030167 1.189808
53.600000 0.406800 -0.002030 -0.839994 -0.116606 0.020226 1.303485
53.650000 0.464340 -0.001912 -0.801716 -0.109042 0.018169 1.407313
53.700000 0.521247 -0.002217 -0.765266 -0.098512 -0.000302 1.490994
53.750000 0.583275 -0.002403 -0.714620 -0.095512 -0.001368 1.635320
53.800000 0.645224 -0.001545 -0.658995 -0.091795 -0.008129 1.751561
53.850000 0.704085 -0.001466 -0.595863 -0.085306 -0.005261 1.827462
53.900000 0.758938 -0.000169 -0.526048 -0.079352 -0.009674 1.865826
53.950000 0.804797 0.001824 -0.455247 -0.066501 -0.021310 1.844419
54.000000 0.846837 0.001534 -0.381292 -0.042241 -0.028890 1.743396
54.050000 0.877082 0.007274 -0.314564 -0.014879 -0.035129 1.575528
54.100000 0.901358 0.006978 -0.250609 0.010273 -0.051816 1.433883
54.150000 0.923854 0.007632 -0.191957 0.028523 -0.056134 1.314485
54.200000 0.939958 0.007761 -0.137877 0.034284 -0.049297 1.188962
54.250000 0.956748 0.007110 -0.089088 0.040952 -0.040726 1.111366
54.300000 0.969352 0.004838 -0.040983 0.051071 -0.030944 1.030788
54.350000 0.978434 0.003977 0.003454 0.041992 -0.021033 0.916877
54.400000 0.985448 0.003835 0.040186 0.034577 -0.016290 0.802577
54.450000 0.992497 0.004046 0.078859 0.022470 0.002397 0.698171
54.500000 0.993509 0.004122 0.102858 0.019281 0.004457 0.532738
54.550000 0.993211 0.003271 0.122164 0.015551 0.011076 0.381427
54.600000 0.992381 0.003282 0.133349 0.012812 0.006199 0.235820
54.650000 0.991862 0.002229 0.137878 0.011999 0.007681 0.111579
54.700000 0.992899 0.001658 0.138233 0.008113 0.009798 0.013656
54.750000 0.994028 0.001689 0.134765 0.004784 0.008781 -0.038018
54.800000 0.994316 -0.000309 0.131352 0.006306 -0.001027 -0.025721
54.850000 0.994824 -0.000201 0.129291 0.006120 -0.000457 -0.021040
54.900000 0.995023 -0.000463 0.128973 0.005075 -0.000275 -0.008673
54.950000 0.995106 -0.000274 0.128325 0.005456 -0.000128 -0.000584
55.000000 0.994768 -0.000604 0.128318 0.005898 0.000180 0.005761
55.050000 0.994762 -0.000865 0.128320 0.005261 0.000198 0.003766
55.100000 0.994836 -0.000936 0.127869 0.004659 -0.000027 -0.002672
55.150000 0.994709 -0.000873 0.127733 0.004302 -0.000584 -0.007522
55.200000 0.994450 -0.001010 0.127403 0.005040 -0.000038 -0.002761
55.250000 0.994506 -0.001400 0.127473 0.005677 -0.000383 -0.000145
55.300000 0.994450 -0.001407 0.126953 0.005507 0.000028 -0.001819
55.350000 0.994315 -0.001671 0.126757 0.005222 0.001579 -0.000001
55.400000 0.994127 -0.001482 0.126491 0.003909 0.001289 0.000217
55.450000 0.993853 -0.001810 0.126615 0.002521 0.001000 0.000594
55.500000 0.993993 -0.001612 0.126551 0.002848 0.001477 0.002574
55.550000 0.994243 -0.002064 0.126756 0.002438 0.000838 0.000579
55.600000 0.994045 -0.002463 0.126366 0.001767 -0.001988 -0.003404
55.650000 0.993867 -0.002677 0.125196 0.002122 -0.004106 -0.013803
55.700000 0.993815 -0.003019 0.124162 0.002955 -0.004942 -0.014908
55.750000 0.993692 -0.003091 0.123705 0.003084 -0.005030 -0.009116
55.800000 0.993624 -0.003291 0.123510 0.003213 -0.004062 -0.003958
55.850000 0.993892 -0.003689 0.122872 0.003244 -0.003577 -0.000863
55.900000 0.993438 -0.003899 0.122278 0.002248 -0.003876 0.000079
55.950000 0.993847 -0.003837 0.121771 0.002241 -0.003876 -0.000635
56.000000 0.993935 -0.003652 0.120928 0.001997 -0.003707 -0.001834
56.050000 0.994082 -0.003594 0.120349 0.001875 -0.003869 0.001965
56.100000 0.994364 -0.003204 0.119967 0.001269 -0.004017 0.003539
56.150000 0.994695 -0.003532 0.119524 0.001755 -0.003545 0.005996
56.200000 0.994968 -0.003667 0.118949 0.002242 -0.002665 0.008374
56.250000 0.995295 -0.003927 0.118767 0.001774 -0.002735 0.008125
56.300000 0.994975 -0.004002 0.118177 0.002028 -0.002663 0.010738
56.350000 0.995308 -0.003868 0.118184 0.003085 0.000070 0.015266
56.400000 0.995359 -0.003991 0.118706 0.002399 0.002034 0.023743
56.450000 0.995278 -0.004182 0.119158 0.001335 0.003363 0.024918
56.500000 0.995409 -0.004115 0.119226 0.001293 0.003040 0.020626
56.550000 0.995464 -0.004107 0.119811 0.000791 0.002974 0.016568
56.600000 0.995653 -0.003965 0.120398 0.001003 0.002400 0.015054
56.650000 0.996045 -0.004089 0.120474 0.000464 0.003226 0.015036
56.700000 0.995828 -0.004279 0.121116 0.000460 0.003062 0.015101
56.750000 0.995686 -0.004075 0.121824 -0.000531 0.003413 0.016429
56.800000 0.995342 -0.004005 0.122463 -0.000620 0.003252 0.015622
56.850000 0.995466 -0.004064 0.122788 -0.000796 0.003339 0.013466
56.900000 0.995129 -0.003865 0.123361 -0.000890 0.003016 0.012176
56.950000 0.995260 -0.003465 0.123882 -0.001058 0.003021 0.011123
57.000000 0.995120 -0.003397 0.124267 -0.000781 0.002527 0.008408
57.050000 0.995637 -0.003383 0.124799 -0.000748 0.002528 0.004097
57.100000 0.995770 -0.003250 0.124866 -0.002007 0.001749 0.002390
57.150000 0.995516 -0.002994 0.124728 -0.001741 0.001663 -0.001681
57.200000 0.995716 -0.002726 0.124926 -0.001847 0.001423 -0.004098
57.250000 0.996249 -0.002458 0.125004 -0.002675 0.001774 -0.009932
57.300000 0.996408 -0.002274 0.123971 -0.002039 0.000784 -0.015041
57.350000 0.996630 -0.002552 0.122488 -0.002081 -0.000270 -0.018336
57.400000 0.996722 -0.002305 0.121454 -0.000714 -0.001363 -0.019550
57.450000 0.996755 -0.002127 0.120158 -0.001496 -0.001260 -0.020227
57.500000 0.997037 -0.002335 0.119130 -0.000728 -0.001932 -0.019706
57.550000 0.997337 -0.002086 0.117841 -0.001961 -0.002224 -0.018964
57.600000 0.997088 -0.002233 0.116929 -0.001569 -0.002154 -0.017970
57.650000 0.997231 -0.002437 0.116156 -0.001213 -0.001273 -0.012930
57.700000 0.996984 -0.002451 0.115372 -0.002074 -0.001982 -0.013458
57.750000 0.996867 -0.002262 0.114848 -0.002763 -0.001558 -0.012871
57.800000 0.996695 -0.002149 0.113805 -0.003763 -0.000801 -0.012836
57.850000 0.996915 -0.001961 0.112967 -0.003640 -0.001210 -0.015808
57.900000 0.996865 -0.001841 0.112251 -0.004615 -0.001426 -0.020851
57.950000 0.996954 -0.001723 0.111346 -0.004970 -0.004420 -0.032476
58.000000 0.996677 -0.001760 0.108811 -0.005428 -0.013750 -0.051568
58.050000 0.996455 -0.001833 0.103623 -0.007184 -0.027184 -0.083770
58.100000 0.996427 -0.000949 0.096621 -0.009233 -0.039548 -0.123504
58.150000 0.997015 -0.001066 0.087503 -0.009432 -0.039754 -0.179227
58.200000 0.996477 -0.000575 0.075955 -0.009185 -0.040615 -0.244864
58.250000 0.995974 -0.001009 0.058647 -0.011885 -0.039027 -0.330821
58.300000 0.995802 -0.000733 0.035835 -0.014139 -0.038745 -0.426455
58.350000 0.993059 -0.000664 0.009456 -0.014211 -0.038035 -0.519688
58.400000 0.988755 0.000254 -0.020338 -0.014814 -0.036731 -0.629495
58.450000 0.982199 0.000867 -0.056349 -0.012316 -0.037046 -0.753398
58.500000 0.974607 -0.000000 -0.104427 -0.009685 -0.040623 -0.869292
58.550000 0.962759 0.000627 -0.149520 -0.007997 -0.040560 -0.912758
58.600000 0.949528 0.000571 -0.195617 -0.005991 -0.037497 -0.957090
58.650000 0.935297 0.000800 -0.244011 -0.002957 -0.036729 -1.014188
58.700000 0.917712 0.000804 -0.296705 0.000990 -0.036875 -1.080554
58.750000 0.897102 0.000632 -0.350190 0.002855 -0.028677 -1.135107
58.800000 0.872451 0.000419 -0.403331 0.004563 -0.016001 -1.192507
58.850000 0.842889 0.000318 -0.458485 0.011207 -0.003109 -1.284213
58.900000 0.807339 0.000402 -0.514578 0.016852 -0.004906 -1.383485
58.950000 0.763984 -0.000725 -0.571585 0.025746 -0.011850 -1.453070
59.000000 0.712302 -0.004827 -0.610198 0.035775 -0.018108 -1.499955
59.050000 0.656911 -0.005801 -0.660465 0.050234 -0.023743 -1.560524
59.100000 0.598478 -0.004889 -0.708495 0.064265 -0.026142 -1.576746
59.150000 0.539921 -0.005087 -0.751789 0.072396 -0.026878 -1.530270
59.200000 0.481519 -0.004881 -0.789444 0.078394 -0.027509 -1.429868
59.250000 0.423104 -0.002484 -0.814611 0.082789 -0.025089 -1.329556
59.300000 0.369534 -0.003339 -0.838393 0.082078 -0.025747 -1.288475
59.350000 0.326375 -0.005290 -0.874524 0.068214 -0.015196 -1.182367
59.400000 0.275228 -0.005150 -0.899155 0.066255 -0.014372 -1.118210
59.450000 0.227705 -0.004788 -0.919868 0.063074 -0.011492 -1.037085
59.500000 0.182637 -0.004166 -0.937668 0.063570 -0.010337 -0.957596
59.550000 0.141816 -0.003594 -0.953279 0.063500 -0.009012 -0.864149
59.600000 0.105313 -0.003365 -0.964042 0.058767 -0.007831 -0.731953
59.650000 0.074833 -0.002833 -0.971795 0.052864 -0.004844 -0.576839
59.700000 0.053620 -0.001766 -0.976647 0.044648 0.003016 -0.441567
59.750000 0.040510 0.003457 -0.994270 0.036917 0.007938 -0.310659
59.800000 0.030488 0.004389 -0.994156 0.026007 0.013581 -0.156456
59.850000 0.026692 0.003840 -0.993217 0.012121 0.015022 -0.047187
59.900000 0.024054 0.003544 -0.993676 0.004240 0.014058 0.011441
59.950000 0.023648 0.003082 -0.993748 -0.003941 0.014993 0.035799
60.000000 0.024098 0.001902 -0.994570 -0.010578 0.016223 0.051291
60.050000 0.023960 0.002876 -0.999441 -0.010686 0.016227 0.056131
60.100000 0.014572 0.004979 -0.990441 0.001214 0.003752 -0.002165
60.150000 0.014582 0.004905 -0.991024 0.001059 0.002703 -0.001849
60.200000 0.014253 0.005032 -0.990969 0.001527 0.002777 -0.001684
60.250000 0.014258 0.004964 -0.991291 0.000442 0.001998 -0.002089
60.300000 0.014444 0.004842 -0.990834 -0.000090 0.002179 -0.001615
60.350000 0.014506 0.004713 -0.990831 -0.000010 0.001450 -0.001216
60.400000 0.014632 0.004586 -0.990698 -0.000393 0.001139 -0.000979
60.450000 0.014506 0.004910 -0.990640 -0.001324 0.001007 -0.001857
60.500000 0.014371 0.004779 -0.990642 -0.001013 0.000922 -0.001772
60.550000 0.014575 0.004580 -0.991089 -0.000629 0.000510 -0.002004
60.600000 0.014246 0.004575 -0.991161 -0.001096 0.000121 -0.002481
60.650000 0.014174 0.004508 -0.991097 -0.001095 -0.000200 -0.002556
60.700000 0.014375 0.004311 -0.991415 -0.001868 0.000395 -0.003352
60.750000 0.014238 0.004311 -0.991224 -0.002104 0.000727 -0.004068
60.800000 0.014231 0.004184 -0.991030 -0.002569 0.000333 -0.003993
60.850000 0.014162 0.004119 -0.990968 -0.002102 0.000239 -0.003513
60.900000 0.014225 0.004121 -0.990837 -0.002096 0.000075 -0.002720
60.950000 0.014220 0.003993 -0.990706 -0.002250 0.000003 -0.002955
61.000000 0.014147 0.003997 -0.990320 -0.002011 0.000163 -0.002472
61.050000 0.013883 0.004322 -0.990070 -0.001935 -0.000322 -0.002625
61.100000 0.014214 0.004260 -0.990123 -0.001865 -0.000644 -0.003414
61.150000 0.014084 0.004389 -0.990063 -0.001470 -0.000569 -0.002691
61.200000 0.014014 0.004257 -0.990063 -0.001008 -0.001147 -0.002762
61.250000 0.013877 0.004257 -0.989873 -0.000932 -0.000493 -0.003549
61.300000 0.013873 0.004326 -0.989615 -0.001231 0.000251 -0.003228
61.350000 0.014007 0.004326 -0.989677 -0.001451 0.000260 -0.002193
61.400000 0.013753 0.004584 -0.989814 -0.001293 -0.000065 -0.001870
61.450000 0.013815 0.004520 -0.989747 -0.000282 -0.000414 -0.001063
61.500000 0.013935 0.004199 -0.989548 0.000180 -0.001072 -0.000975
61.550000 0.013931 0.004003 -0.989611 0.000187 -0.000987 -0.000573
61.600000 0.013934 0.004068 -0.989675 -0.000365 -0.001211 -0.002001
61.650000 0.013939 0.004132 -0.989804 0.000096 -0.001382 -0.002309
61.700000 0.013465 0.004000 -0.989492 -0.000207 -0.001374 -0.001756
61.750000 0.013399 0.003799 -0.989752 -0.001218 -0.000696 -0.003033
61.800000 0.013470 0.003400 -0.990395 -0.001138 -0.000292 -0.002952
61.850000 0.013141 0.003396 -0.990469 -0.001052 0.000275 -0.002315
61.900000 0.013078 0.003524 -0.990536 -0.001287 0.000530 -0.003183
61.950000 0.013017 0.003589 -0.990604 -0.000972 0.000851 -0.002936
62.000000 0.013279 0.003396 -0.990725 -0.000581 0.000926 -0.002609
62.050000 0.013217 0.003525 -0.990792 -0.000745 0.000284 -0.003478
62.100000 0.013475 0.003334 -0.990654 0.000330 0.000340 -0.004256
62.150000 0.013747 0.002668 -0.991873 0.000643 0.000416 -0.004089
62.200000 0.011917 0.003510 -0.991928 0.000799 0.003967 -0.004430
62.250000 0.012939 0.007446 -0.989014 -0.001486 0.004097 -0.005556
62.300000 0.013977 0.007462 -0.989960 0.001983 -0.002098 -0.001963
62.350000 0.016800 0.001602 -0.990814 0.008896 0.006260 -0.010217
62.400000 0.014908 0.005524 -0.989914 -0.001602 -0.002011 -0.013903
62.450000 0.020737 0.000687 -0.989731 0.007774 0.000169 -0.001915
62.500000 0.015060 -0.004517 -1.009262 0.006608 -0.003460 -0.000743
