0.050000 0.018707 -0.001266 -0.989761 -0.003120 -0.000701 -0.000956
0.100000 0.017670 -0.003250 -0.989792 -0.010556 -0.007811 0.003565
0.150000 0.015823 0.000610 -0.991806 -0.000713 0.001693 0.000235
0.200000 0.014755 0.001617 -0.987961 -0.016596 -0.003081 0.001261
0.250000 0.018799 0.001617 -0.991730 -0.014091 -0.007858 -0.001083
0.300000 0.015717 -0.001297 -0.988876 -0.003080 -0.012611 -0.002222
0.350000 0.015823 0.003601 -0.987946 -0.012749 -0.006707 -0.005693
0.400000 0.012802 0.000595 -0.989945 -0.001747 0.000439 -0.006724
0.450000 0.014740 0.002625 -0.986008 -0.000648 -0.003087 -0.002122
0.500000 0.015717 0.001663 -0.985992 0.002953 -0.007820 0.000168
0.550000 0.014847 0.004532 -0.988937 0.000181 0.018462 0.011960
0.600000 0.013824 0.001587 -0.989929 -0.001819 -0.006728 -0.005646
0.650000 0.016541 -0.002213 -0.987976 -0.008192 -0.011405 0.004688
0.700000 0.015579 -0.004196 -0.992920 0.000527 -0.006693 -0.002162
0.750000 0.012848 0.001541 -0.989990 -0.008216 -0.009041 0.004700
0.800000 0.015884 0.004547 -0.987961 -0.004312 -0.005549 -0.004502
0.850000 0.017792 0.001617 -0.987030 0.032264 0.044480 -0.005002
0.900000 0.017365 -0.006058 -0.986038 0.021334 0.043241 -0.007397
0.950000 0.019821 -0.005341 -0.992828 0.005350 0.049208 -0.002804
1.000000 0.023315 -0.005997 -0.988022 0.010357 0.008723 -0.006614
1.050000 0.024689 -0.001251 -0.986008 -0.005177 -0.000853 -0.017184
1.100000 0.016785 -0.004333 -0.988861 -0.037921 -0.024345 0.021756
1.150000 0.035736 -0.027420 -0.985977 -0.003749 -0.012403 0.020897
1.200000 0.004089 -0.111008 -0.985947 -0.008121 0.012119 0.093997
1.250000 0.012695 -0.158768 -0.987030 0.016791 -0.004624 0.211989
1.300000 0.027298 -0.133255 -0.987976 -0.003183 0.000625 0.137883
1.350000 -0.031235 -0.126907 -0.991882 0.015714 0.024318 0.116236
1.400000 -0.016708 -0.092377 -0.987976 -0.012617 -0.011413 -0.145708
1.450000 0.035446 -0.023239 -0.992920 0.004780 0.051982 -0.249145
1.500000 0.003189 -0.049088 -0.989990 -0.049327 0.013611 -0.141044
1.550000 0.035477 -0.000076 -0.987961 -0.088589 0.042593 -0.087781
1.600000 0.080597 0.038849 -0.987030 -0.045534 0.025509 -0.145525
1.650000 -0.015503 0.062302 -0.986038 -0.059344 -0.009614 0.051912
1.700000 0.103897 -0.108993 -0.992828 0.038959 -0.076743 -0.018723
1.750000 0.010010 -0.015793 -0.988022 0.045249 -0.026668 0.383229
1.800000 -0.106888 -0.021133 -0.986008 -0.091478 0.034571 0.203704
1.850000 0.057785 0.078720 -0.988861 -0.032537 -0.005280 -0.264881
1.900000 0.028549 -0.005493 -0.985977 0.015668 -0.029886 0.031295
1.950000 0.096893 -0.019211 -0.985947 -0.053616 -0.005867 0.066993
2.000000 -0.042725 0.030151 -0.987030 -0.010039 0.029179 -0.012274
2.050000 -0.057434 0.077576 -0.987976 0.067414 -0.011359 -0.033104
2.100000 0.041809 0.115753 -0.991882 -0.007699 -0.011324 -0.279944
2.150000 -0.005264 0.065491 -0.984024 0.008759 -0.014660 -0.256744
2.200000 0.059982 0.151871 -0.996765 -0.026217 -0.022832 -0.361170
2.250000 0.017700 0.096176 -0.990860 0.022534 -0.031350 0.004608
2.300000 0.028763 0.126022 -0.989014 -0.028032 -0.005522 -0.157406
2.350000 0.046143 0.147720 -0.988876 -0.048383 -0.018725 -0.035006
2.400000 0.022125 0.110489 -0.987946 -0.036945 -0.014104 -0.052255
2.450000 0.021790 0.050690 -0.989945 -0.002813 0.000272 0.083422
2.500000 0.020279 0.024185 -0.986008 -0.036734 -0.014134 0.075004
2.550000 0.007462 -0.014740 -0.985992 -0.023090 -0.003895 0.020798
2.600000 0.019882 0.061630 -0.988937 0.096705 -0.074313 0.240637
2.650000 0.024948 0.008484 -0.989929 -0.007965 0.004291 0.002445
2.700000 0.017914 0.005524 -0.983017 0.005584 -0.001677 -0.002161
2.750000 0.015976 0.007477 -0.985947 0.003118 -0.006431 -0.001061
2.800000 0.016846 0.005554 -0.991898 -0.001793 -0.004048 0.000090
2.850000 0.012833 0.004532 -0.989899 -0.002924 0.004248 -0.003311
2.900000 0.012848 0.004517 -0.988037 -0.001918 0.003132 0.004782
2.950000 0.015793 0.002609 -0.987946 0.003153 -0.000494 -0.002164
3.000000 0.015671 0.002686 -0.982101 -0.001692 -0.001703 -0.003359
3.050000 0.014023 0.003464 -0.996719 -0.011725 -0.006543 0.006880
3.100000 0.017731 0.003662 -0.984955 -0.007873 -0.012551 -0.000095
3.150000 0.010880 0.004501 -0.988083 -0.008036 -0.002979 0.005776
3.200000 0.014801 0.003601 -0.986984 -0.000405 -0.005452 -0.005774
3.250000 0.014862 0.005539 -0.987976 -0.004125 -0.005437 -0.003480
3.300000 0.011017 0.005432 -0.992920 -0.006906 -0.004136 0.009242
3.350000 0.012939 0.006454 -0.989990 0.006688 0.006533 0.002472
3.400000 0.014816 0.003586 -0.987961 0.003308 0.006434 -0.007960
3.450000 0.013840 0.004547 -0.987030 -0.006749 -0.005378 0.003446
3.500000 0.013763 0.002609 -0.986038 -0.000552 -0.011349 -0.000044
3.550000 0.016037 0.008423 -0.992828 -0.004079 -0.019727 -0.004768
3.600000 0.012772 0.001587 -0.988022 -0.011721 -0.005352 0.006889
3.650000 0.015823 0.005585 -0.986008 0.003067 -0.000622 0.001230
3.700000 0.017853 0.005554 -0.988861 -0.010450 0.003997 0.004595
3.750000 0.016800 0.005585 -0.985977 0.003196 -0.009145 -0.003547
3.800000 0.016647 -0.000290 -0.985947 -0.001650 -0.012733 -0.004763
3.850000 0.013870 0.005539 -0.987030 0.001909 -0.000874 -0.001207
3.900000 0.015915 0.007507 -0.987976 0.013812 0.015899 0.009423
3.950000 0.013931 0.004486 -0.991882 0.008009 -0.003245 -0.001195
4.000000 0.016739 0.004623 -0.984024 0.000669 -0.006873 -0.000147
4.050000 0.013031 0.004410 -0.996765 -0.001681 -0.002148 -0.003588
4.100000 0.014877 0.003555 -0.990860 0.000695 -0.000934 -0.001250
4.150000 0.012909 0.006454 -0.989014 0.000653 0.001490 0.002228
4.200000 0.010971 0.003479 -0.992905 -0.000500 -0.005673 -0.000157
4.250000 0.016846 0.003586 -0.989853 -0.007660 -0.008116 -0.006004
4.300000 0.012817 0.002548 -0.988983 -0.006645 0.000317 0.003322
4.350000 0.012894 0.005493 -0.988998 0.003078 0.003913 0.004565
4.400000 0.012848 0.004517 -0.988037 0.004446 -0.009186 0.000974
4.450000 0.015869 0.007538 -0.986023 -0.002949 0.007484 0.003398
4.500000 0.009811 0.002548 -0.987122 0.002191 -0.008062 -0.005970
4.550000 0.012924 0.004471 -0.991913 0.005765 -0.002038 -0.001277
4.600000 0.016922 0.006485 -0.990845 0.000943 0.003884 -0.003564
4.650000 0.014786 0.002594 -0.987961 -0.000248 0.005062 -0.004717
4.700000 0.018951 0.007492 -0.991760 0.009534 -0.010358 -0.003654
4.750000 0.013763 0.001617 -0.987015 -0.000222 -0.011562 -0.003719
4.800000 0.013824 0.002563 -0.987976 -0.005114 0.002711 -0.003616
4.850000 0.013901 0.005508 -0.992920 0.005498 0.000503 0.011455
4.900000 0.015930 0.006500 -0.989990 0.002183 -0.003187 -0.001323
4.950000 0.013870 0.004517 -0.987961 0.001209 -0.000891 -0.010563
5.000000 0.015762 0.001633 -0.987030 0.003431 0.006357 -0.001237
5.050000 0.012878 0.007492 -0.986038 -0.002505 -0.002035 -0.007131
5.100000 0.016907 0.006500 -0.992828 0.001215 -0.000860 -0.009414
5.150000 0.016846 0.006531 -0.988022 0.001099 -0.006737 -0.003691
5.200000 0.012939 0.006454 -0.986008 0.009465 0.011179 0.002302
5.250000 0.015915 0.007507 -0.988861 0.001160 -0.006758 -0.006005
5.300000 0.011871 0.004501 -0.985977 -0.001275 -0.015063 -0.004945
5.350000 0.017822 0.002594 -0.985947 -0.002654 -0.010252 0.000876
5.400000 0.013809 0.002579 -0.987030 -0.005101 -0.001926 0.000938
5.450000 0.012833 0.003555 -0.987976 -0.000319 -0.000666 0.005596
5.500000 0.013855 0.001556 -0.987976 0.004554 0.006482 0.005688
5.550000 0.016922 0.003525 -0.992920 -0.008789 -0.006650 0.003181
5.600000 0.015808 0.002594 -0.989990 0.002081 0.008869 0.006853
5.650000 0.008865 0.001526 -0.987961 -0.003758 -0.004313 -0.002555
5.700000 0.012848 0.006500 -0.987030 -0.007505 -0.010238 0.000841
5.750000 0.014725 0.004608 -0.986038 -0.003756 -0.006694 -0.002577
5.800000 0.010635 0.003693 -0.992828 0.052904 0.006704 0.022154
5.850000 0.011063 0.004395 -0.988022 -0.016016 -0.004310 -0.000309
5.900000 0.033813 0.084885 -0.986008 0.010974 -0.031270 0.040087
5.950000 -0.022369 0.188141 -0.988861 -0.003446 -0.028576 0.077052
6.000000 -0.042831 0.217514 -0.985977 -0.008422 0.021872 0.261432
6.050000 -0.054672 0.105301 -0.985947 -0.007585 0.013661 0.004518
6.100000 -0.084946 0.061203 -0.987030 -0.050150 0.038126 -0.046400
6.150000 0.123352 0.145676 -0.987976 0.001965 -0.009315 -0.169175
6.200000 0.035721 0.053787 -0.991882 0.066938 0.001425 -0.044927
6.250000 0.084213 0.082581 -0.984024 -0.020822 -0.002755 -0.229402
6.300000 -0.114792 0.110001 -0.996765 0.003279 -0.036207 0.146425
6.350000 -0.016083 0.127945 -0.987976 -0.048761 -0.016566 0.221514
6.400000 0.000687 0.004242 -0.992920 -0.055056 -0.133877 0.277104
6.450000 -0.091858 -0.017090 -0.989990 -0.073553 0.024391 0.280751
6.500000 0.018738 -0.062271 -0.987961 0.020815 -0.021648 0.174421
6.550000 0.087677 0.038834 -0.987030 -0.001676 0.037114 -0.034572
6.600000 0.016006 -0.038971 -0.986038 0.051660 -0.012614 0.115671
6.650000 0.008865 0.081757 -0.992828 -0.035854 0.067957 -0.170999
6.700000 0.022552 -0.034302 -0.988022 0.016888 -0.023578 0.093396
6.750000 -0.016067 -0.019516 -0.986008 0.024645 0.040574 0.212027
6.800000 0.008163 -0.040741 -0.988861 0.014340 -0.019108 0.324806
6.850000 0.036667 -0.006165 -0.985977 0.059957 -0.023229 0.124875
6.900000 0.027451 -0.036209 -0.985947 0.002177 -0.102963 -0.129533
6.950000 -0.044022 -0.163239 -0.987030 0.050513 -0.049246 -0.250254
7.000000 -0.003296 -0.300079 -0.987976 0.020321 -0.026379 -0.216664
7.050000 0.037811 -0.178604 -0.991882 -0.034335 -0.004274 -0.270006
7.100000 0.030838 -0.041412 -0.984024 -0.049132 -0.021677 -0.218185
7.150000 0.029236 0.015610 -0.996765 0.056790 -0.113834 -0.162902
7.200000 -0.001297 0.007538 -0.990860 0.004567 -0.037393 0.008725
7.250000 0.006012 0.003418 -0.989014 -0.002358 0.008861 -0.007090
7.300000 0.005981 0.002426 -0.993042 0.005929 0.011338 0.002233
7.350000 0.007889 0.004471 -0.988159 -0.001289 0.002965 -0.001354
7.400000 0.004974 0.003433 -0.991135 0.003561 0.000604 -0.000191
7.450000 0.007767 0.001572 -0.986191 -0.002493 -0.012504 -0.001501
7.500000 0.008087 0.008331 -0.993027 -0.010830 0.007641 -0.009463
7.550000 0.007965 0.005447 -0.990097 -0.003884 0.008968 0.004470
7.600000 0.009888 0.005493 -0.987137 -0.003884 0.008970 0.004470
7.650000 0.007843 0.002518 -0.988144 0.003401 0.011374 0.005690
7.700000 0.008926 0.007446 -0.986206 -0.002694 0.007795 0.005623
7.750000 0.012939 0.006454 -0.989990 -0.002352 0.006491 -0.007113
7.800000 0.009048 0.007370 -0.992035 0.003470 0.004216 0.003310
7.850000 0.009918 0.008438 -0.986191 0.002467 0.004141 -0.004794
7.900000 0.008041 0.006363 -0.993012 -0.000115 -0.010092 0.000847
7.950000 0.006912 0.003479 -0.989136 -0.002491 -0.011306 -0.001491
8.000000 0.006912 0.003479 -0.989136 -0.002491 -0.011306 -0.001491
8.050000 0.011688 0.002640 -0.982208 0.006004 0.001808 -0.000169
8.100000 0.011688 0.002640 -0.982208 0.006004 0.001808 -0.000169
8.150001 0.012787 0.004562 -0.985107 -0.001208 0.004217 -0.002557
8.200000 0.012787 0.004562 -0.985107 -0.001208 0.004217 -0.002557
8.250000 0.009995 0.006393 -0.992004 -0.003823 -0.008814 0.004251
8.300000 0.009888 0.005493 -0.987137 -0.006110 -0.005299 -0.001514
8.350000 0.009903 0.003510 -0.990036 0.000232 -0.000612 -0.010692
8.400001 0.008820 0.001541 -0.988129 -0.001355 -0.006439 0.003129
8.450000 0.005020 0.006363 -0.990204 0.002303 -0.006434 0.003149
8.500000 0.010956 0.004456 -0.991959 -0.001265 -0.004090 -0.000320
8.550000 0.009018 0.006378 -0.992035 0.003453 0.001920 0.005545
8.600000 0.008987 0.003448 -0.992966 0.002180 -0.008772 0.007755
8.650001 0.003922 0.005447 -0.986313 0.003853 0.004165 -0.009473
8.700000 0.009933 0.003479 -0.991974 0.002544 0.000624 -0.006041
8.750000 0.005920 0.006424 -0.986282 0.002394 -0.006462 -0.000322
8.800000 0.007034 0.007385 -0.990143 -0.000174 -0.001665 0.004335
8.850000 0.006836 0.004517 -0.984283 -0.004992 -0.000504 0.002004
8.900001 0.008835 0.003540 -0.986175 0.001134 0.003066 0.000914
8.950000 0.006821 0.003555 -0.984268 0.000919 0.000758 0.008990
9.000000 0.011017 0.005432 -0.992920 0.001327 -0.005328 -0.006103
9.050000 0.008072 0.007355 -0.993012 0.002384 0.003057 -0.000236
9.100000 0.005951 0.005432 -0.988220 0.012114 0.010296 0.002146
9.150001 0.007843 0.000549 -0.990066 -0.003573 -0.006442 -0.003877
9.200000 0.008987 0.005432 -0.991043 -0.006101 -0.011174 -0.000464
9.250000 0.004868 0.004471 -0.985321 -0.006160 -0.014722 0.001817
9.300000 0.009918 0.003494 -0.990997 0.002345 -0.012319 0.003043
9.350000 0.006912 0.004456 -0.988190 -0.000074 -0.000432 0.001980
9.400001 0.004929 0.006409 -0.986313 0.002674 0.000658 -0.009564
9.450000 0.009872 0.004486 -0.988113 0.006078 0.007887 -0.000224
9.500000 0.009872 0.004486 -0.988113 0.007121 -0.001569 0.006637
9.550000 0.010895 0.002518 -0.990967 -0.000016 0.001927 -0.000312
9.600000 0.006866 0.004486 -0.986237 -0.003734 -0.000438 0.001959
9.650001 0.008987 0.005432 -0.991043 0.001154 -0.011140 0.001889
9.700000 0.010895 0.002518 -0.990967 0.004861 0.004316 -0.000264
9.750000 0.008987 0.006409 -0.990097 -0.004669 -0.007671 -0.008524
9.800000 0.008041 0.006363 -0.993012 0.001211 -0.007588 -0.000393
9.850000 0.011780 0.003601 -0.985123 0.002577 0.001883 -0.006084
9.900001 0.007858 0.005508 -0.985229 0.003544 0.006729 0.003221
9.950000 0.009811 0.003555 -0.986145 0.000145 -0.007640 -0.006184
10.000000 0.009766 0.002579 -0.985169 -0.003700 -0.008773 0.000726
10.050000 0.005981 0.004410 -0.991119 -0.008455 0.006551 -0.006193
10.100000 0.007614 -0.004272 -0.985169 -0.014727 -0.007677 0.000585
10.150000 0.012253 0.012222 -0.997818 0.022117 -0.000155 0.036722
10.200000 0.003113 0.006287 -0.994125 0.003629 -0.011237 -0.001660
10.250000 0.007858 -0.001434 -0.992950 0.010890 -0.015965 0.000651
10.300000 0.003799 0.003540 -0.982407 -0.002700 -0.007680 0.005202
10.350000 0.006958 0.003464 -0.991074 0.012029 -0.007689 0.001813
10.400000 0.003891 -0.000504 -0.992111 0.003457 -0.004121 0.002954
10.450000 0.008865 -0.001434 -0.992935 -0.002508 -0.005406 -0.002915
10.500000 0.005905 0.003479 -0.985352 -0.001358 0.002948 -0.000519
10.550000 0.005005 0.004379 -0.992127 0.001084 -0.000620 -0.000538
10.600000 0.007965 0.005447 -0.990097 0.003398 0.010096 0.003005
10.650000 -0.004044 0.004379 -0.985550 0.001237 0.009999 -0.007420
10.700000 -0.058136 0.020370 -0.988098 -0.027144 0.008091 0.050250
10.750000 -0.073425 -0.002365 -0.994171 -0.001295 -0.007462 0.040960
10.800000 -0.116623 0.018723 -0.989639 -0.001924 -0.008810 0.155479
10.850000 -0.083557 -0.009308 -0.991486 -0.006317 0.004060 0.000545
10.900000 -0.073288 0.025711 -1.014771 -0.038290 -0.015360 -0.035706
10.950000 -0.104584 0.001526 -0.968781 -0.009717 0.034922 0.125720
11.000000 -0.040131 0.023117 -0.944870 -0.032785 0.033969 -0.105800
11.050000 -0.028534 0.025772 -0.975677 -0.005069 -0.022578 -0.047193
11.100000 -0.018967 0.009201 -0.987976 0.046877 -0.098845 0.064624
11.150000 -0.058899 -0.018509 -0.992920 -0.005693 -0.053264 0.113336
11.200000 0.032944 0.036026 -0.989990 0.022022 0.076567 -0.149119
11.250000 -0.024643 0.016266 -0.987961 0.024593 0.013156 0.074762
11.300000 0.000458 0.013672 -0.987030 -0.002026 -0.221748 -0.245685
11.350000 0.029907 0.008896 -0.986038 0.054535 0.046330 -0.086755
11.400000 0.051559 0.015198 -0.992828 -0.027592 0.133551 -0.165089
11.450000 0.042099 -0.037552 -0.988022 -0.044542 0.070114 -0.213235
11.500000 0.012619 0.014618 -0.986008 -0.019481 -0.032746 -0.144615
11.550000 0.096329 -0.024826 -0.988861 -0.012698 -0.148771 -0.212732
11.600000 0.115982 0.009613 -0.985977 -0.000137 -0.009903 -0.000918
11.650000 -0.088989 0.022736 -0.985947 0.015182 -0.036864 0.565810
11.700000 0.034393 -0.028198 -0.987030 -0.008447 0.011484 0.126490
11.750000 0.131256 0.010529 -0.987976 0.018884 -0.012829 -0.072660
11.800000 0.128525 0.034210 -0.991882 0.019391 0.032987 -0.138185
11.850000 0.134613 0.009964 -0.984024 0.003305 0.012815 -0.129202
11.900000 0.005615 0.020889 -0.996765 -0.081458 0.014154 -0.106608
11.950000 0.018860 0.023788 -0.990860 0.032538 -0.102405 0.012130
12.000000 0.012222 0.008255 -0.989014 0.013272 0.002173 0.000246
12.050000 0.006958 0.008408 -0.986267 -0.000286 -0.013266 0.005815
12.100000 0.005920 0.006424 -0.986282 -0.005974 -0.008572 -0.009263
12.150000 0.005890 0.003494 -0.987228 0.000022 0.002180 -0.005662
12.200000 0.004974 0.005402 -0.989212 -0.002456 0.011708 -0.004431
12.250000 0.004883 0.004456 -0.986298 -0.003823 0.001050 0.001248
12.300000 0.009827 0.002533 -0.988098 -0.008514 -0.000209 -0.005731
12.350000 0.003998 0.006363 -0.989243 -0.006009 -0.004985 -0.008074
12.400000 0.012054 0.004395 -0.997772 0.006021 0.006986 -0.002115
12.450000 0.006027 0.006363 -0.991135 0.002235 0.011784 0.002536
12.500000 0.004929 0.004425 -0.988251 0.004741 0.005817 0.000181
12.550000 0.007965 0.005447 -0.990097 0.004901 -0.000185 -0.005657
12.600000 0.005020 0.007355 -0.989227 0.002468 -0.007328 -0.005735
12.650000 0.006042 0.007370 -0.990173 -0.012171 -0.004970 -0.005795
12.700000 0.008850 0.004501 -0.986191 0.005991 0.004621 -0.000980
12.750000 0.009857 0.004501 -0.987137 -0.006133 -0.008508 -0.003481
12.800000 0.005814 0.000549 -0.987213 0.001140 0.008175 -0.002132
12.850000 0.006836 0.004517 -0.984283 -0.002602 -0.003700 0.001210
12.900000 0.006912 0.004456 -0.988190 -0.006131 -0.009697 -0.003492
12.950000 0.002945 0.002441 -0.990219 0.006028 -0.002527 -0.002202
13.000000 0.006912 0.004456 -0.988190 -0.002635 -0.001309 0.002388
13.050000 0.009888 0.004471 -0.989075 0.003633 -0.003637 -0.003429
13.100000 0.007858 0.001526 -0.990082 0.003513 -0.008355 0.001155
13.150000 0.008057 0.009354 -0.990128 0.001363 0.001208 -0.008013
13.200000 0.004913 0.003464 -0.988236 -0.001208 0.008387 -0.003335
13.250000 0.005096 0.004318 -0.996018 -0.002266 0.001192 -0.009190
13.300000 0.005005 0.005402 -0.990189 -0.003475 0.001312 -0.008031
13.350000 0.005966 0.004425 -0.990158 -0.002407 -0.003394 -0.002284
13.400000 0.008011 0.007401 -0.990112 -0.004697 0.002500 -0.008028
13.450000 0.007004 0.005417 -0.991089 -0.001306 0.001538 0.003586
13.500000 0.007812 0.000549 -0.989090 0.006044 0.001539 0.002470
13.550000 0.009888 0.002502 -0.990997 0.003735 -0.005647 -0.002236
13.600000 0.004959 0.001434 -0.993073 0.006030 -0.010230 0.004717
13.650000 0.006912 0.004456 -0.988190 -0.001140 -0.001963 -0.001033
13.700000 0.010818 0.001556 -0.989029 0.003612 0.000466 0.003643
13.750000 0.006027 0.005386 -0.992096 -0.009865 -0.000618 0.007069
13.800000 0.005081 0.005341 -0.994064 -0.004889 -0.006592 0.003572
13.850000 0.004959 0.002426 -0.992111 0.000165 0.004063 -0.003245
13.900000 0.006027 0.005386 -0.992096 0.001262 0.003022 0.002583
13.950000 0.003922 0.003464 -0.988251 -0.008571 -0.017192 0.005816
14.000000 0.007019 0.005402 -0.992065 0.003573 0.006637 0.007256
14.050000 0.004990 0.003418 -0.992111 -0.004615 -0.007672 -0.004440
14.100000 0.008011 0.003418 -0.994934 -0.002154 0.003031 -0.005486
14.150000 0.005997 0.004395 -0.992096 -0.008176 0.006577 -0.008935
14.200000 0.005997 0.005417 -0.990158 0.000152 -0.002857 -0.000876
14.250000 0.008835 0.004517 -0.985214 0.002567 -0.009983 0.000230
14.300000 0.004868 0.003494 -0.986282 0.006092 0.001965 0.004985
14.350000 0.003906 0.001480 -0.990189 0.006111 -0.002789 0.003804
14.400000 0.005859 0.001495 -0.989166 -0.007213 -0.002841 0.000259
14.450000 0.008804 0.000565 -0.988113 0.003873 -0.002851 -0.004289
14.500000 0.009979 0.005432 -0.991989 0.007391 0.016237 0.000531
14.550000 0.008850 0.004501 -0.986191 -0.004601 -0.006455 -0.006683
14.600000 0.003937 0.002457 -0.990189 0.018379 0.022208 -0.000496
14.650000 0.016403 -0.007080 -0.982010 0.027916 0.025866 0.007688
14.700000 0.063400 0.004120 -0.989563 0.050730 0.047438 0.020736
14.750000 0.033478 -0.006058 -0.992233 0.007700 -0.004836 0.033920
14.800000 0.131699 -0.000015 -0.989654 -0.008318 -0.018755 -0.187266
14.850000 0.111908 0.020584 -0.967010 -0.015578 -0.004098 -0.144367
14.900000 0.159317 0.004318 -0.979233 -0.022949 0.031240 -0.052676
14.950000 0.083313 0.014206 -0.987976 0.007795 0.073253 -0.017417
15.000000 0.055954 0.045166 -0.992920 -0.023873 -0.000160 0.028018
15.050000 0.023483 -0.049179 -0.989990 -0.038771 0.049153 0.218132
15.100000 0.023483 -0.049179 -0.987961 -0.050234 -0.072099 0.102433
15.150000 0.023117 -0.008835 -0.987030 0.002789 0.118551 0.121829
15.200000 0.004471 -0.022064 -0.986038 0.019927 0.093985 0.165663
15.250000 0.023849 0.004593 -0.992828 0.021110 0.075326 0.076418
15.300000 -0.026062 -0.001678 -0.988022 0.028364 -0.130833 0.174111
15.350000 0.079498 -0.013107 -0.986008 -0.032187 0.107591 -0.029992
15.400000 -0.014175 0.005722 -0.988861 -0.000238 -0.091065 0.102585
15.450000 0.058746 -0.018341 -0.985977 -0.049744 -0.159195 -0.052121
15.500000 -0.003754 0.032028 -0.985947 -0.009350 0.159295 0.026193
15.550000 0.028671 0.009979 -0.987976 0.009025 -0.012387 0.118447
15.600000 0.040848 -0.004257 -0.992920 -0.027460 0.066778 0.065820
15.650000 -0.012573 -0.043381 -0.989990 0.012869 -0.004983 0.019116
15.700000 -0.008713 -0.015076 -0.987961 -0.028634 0.109173 0.017608
15.750000 -0.026733 -0.014816 -0.987030 -0.022626 -0.069721 -0.020977
15.800000 0.028824 0.023514 -0.986038 -0.001407 -0.151574 -0.128038
15.850000 -0.081345 -0.003464 -0.992828 -0.010379 -0.085974 0.022906
15.900000 -0.031860 0.007721 -0.988022 -0.017865 -0.052703 0.027747
15.950000 -0.032455 0.007462 -0.986008 0.013610 -0.031167 0.036216
16.000000 -0.024597 -0.007935 -0.988861 0.029563 0.023132 -0.014107
16.050000 0.012070 0.005402 -0.985977 -0.005133 0.003732 -0.040043
16.100000 -0.019989 -0.006683 -0.985947 0.001961 0.008949 0.013212
16.150000 -0.077118 -0.033737 -0.987030 -0.007400 0.030618 0.043435
16.200000 -0.084625 0.036804 -0.987976 0.016574 0.004247 0.150922
16.250000 0.018112 0.005386 -0.991882 -0.025169 -0.005300 0.024500
16.300000 0.018463 0.001831 -0.984024 0.004736 -0.020934 0.001386
16.350000 0.013092 0.004364 -0.996765 0.018123 0.012408 0.001763
16.400000 0.165436 -0.101395 -0.990860 0.002852 -0.109682 -0.086946
16.450000 0.012848 0.004517 -0.989014 0.018081 0.024318 0.003027
16.500000 0.015869 0.003586 -0.989883 -0.000185 -0.009028 0.002623
16.550000 0.013077 0.006363 -0.996780 -0.009850 -0.007882 -0.000891
16.600000 0.015839 0.004562 -0.987961 0.001161 -0.011443 -0.002019
16.650000 0.013992 0.002472 -0.996719 -0.002350 -0.004358 -0.007759
16.700000 0.014694 0.001663 -0.985031 0.001281 -0.005522 -0.006593
16.750000 0.012909 0.001495 -0.994812 0.004526 0.007714 0.008585
16.800000 0.011902 0.004501 -0.990005 -0.007312 -0.011454 -0.004381
16.850000 0.014877 0.003555 -0.990860 -0.005101 0.000527 0.003838
16.900000 0.012833 0.003555 -0.988022 0.001033 -0.004230 0.002672
16.950000 0.013931 0.005508 -0.989945 -0.007726 0.001782 0.010776
17.000000 0.012848 0.003540 -0.988983 0.008525 0.010003 -0.004099
17.050000 0.013931 0.007477 -0.988022 0.008504 -0.000695 -0.003039
17.100000 0.014084 0.006378 -0.996750 0.003517 0.005157 -0.000876
17.150000 0.011810 0.002563 -0.988052 -0.000003 -0.011549 -0.005675
17.200000 0.012772 0.003601 -0.985092 -0.003585 0.007456 -0.008993
17.250000 0.012894 0.004501 -0.989975 0.002467 -0.011554 -0.006818
17.300000 0.011795 0.003586 -0.986099 -0.001351 -0.006746 -0.001011
17.350000 0.015884 0.003571 -0.990845 -0.006259 -0.009123 0.000097
17.400000 0.015915 0.002533 -0.993759 0.003330 -0.000838 0.004693
17.450000 0.011932 0.004471 -0.991943 0.002297 -0.000901 -0.002255
17.500000 0.011871 0.002533 -0.990951 0.007363 -0.002145 -0.009180
17.550000 0.010941 0.004471 -0.990982 -0.006010 -0.008193 -0.011722
17.600000 0.013931 0.004486 -0.991882 -0.005105 -0.003326 -0.000103
17.650000 0.012955 0.006439 -0.990951 -0.005228 -0.004474 0.004513
17.700000 0.013901 0.004517 -0.989945 0.000876 -0.000953 0.003329
17.750000 0.016754 0.002625 -0.986939 -0.002778 -0.006909 0.003255
17.800000 0.010971 0.005463 -0.990982 0.002016 -0.002157 0.005581
17.850000 0.010056 0.003403 -0.997803 0.005856 0.002546 -0.001296
17.900000 0.009766 0.000595 -0.987106 0.005733 0.001398 0.003320
17.950000 0.013016 0.003448 -0.996750 0.009497 0.001326 -0.001338
18.000000 0.011917 0.003510 -0.991928 0.002279 -0.007046 -0.004924
18.050000 0.009872 0.004486 -0.988113 0.008056 0.006158 0.006796
18.100000 0.010941 0.002487 -0.992905 -0.000093 0.002411 -0.008372
18.150000 0.012878 0.003540 -0.989960 -0.000120 -0.002339 -0.007258
18.200000 0.012894 0.003525 -0.990921 -0.000256 0.010794 -0.002512
18.250000 0.012894 0.004501 -0.989975 -0.003956 0.006017 -0.001460
18.300000 0.012756 0.002594 -0.986069 -0.001574 0.000092 0.000813
18.350000 0.011902 0.005493 -0.989029 -0.005017 0.001203 -0.007294
18.400000 0.012924 0.005493 -0.989975 0.002033 0.007232 0.002016
18.450000 0.017044 0.005432 -0.997635 -0.002658 0.004782 -0.004974
18.500000 0.015869 0.003586 -0.989883 -0.005240 -0.010639 0.000656
18.550000 0.012878 0.003540 -0.989960 -0.004825 -0.004845 -0.015521
18.600000 0.015808 0.002594 -0.988907 -0.006328 0.000007 -0.005073
18.650000 0.014801 0.003601 -0.986984 0.005813 -0.007093 -0.002756
18.700000 0.014801 0.001602 -0.989899 -0.001619 0.002442 0.000731
18.750000 0.011978 0.006424 -0.991959 0.007048 -0.002346 -0.003892
18.800000 0.015854 0.004547 -0.988922 -0.002680 -0.001182 -0.005092
18.850000 0.012756 0.000610 -0.988007 0.006787 -0.002264 0.005337
18.900000 0.010040 0.008362 -0.992020 -0.006540 0.002445 0.001835
18.950000 0.014999 0.003479 -0.996689 -0.002657 -0.005952 -0.006318
19.000000 0.010986 0.006424 -0.990997 0.003268 0.002442 -0.000445
19.050000 0.015564 0.001770 -0.978226 0.000973 0.013097 -0.006146
19.100000 0.009842 0.002518 -0.989059 -0.013968 -0.003478 0.005176
19.150000 0.008026 0.010345 -0.988190 -0.019668 -0.032174 -0.008999
19.200000 0.014511 0.021027 -0.999756 -0.056714 -0.047543 0.008009
19.250000 0.004547 0.052094 -1.008987 -0.035777 -0.039254 0.000102
19.300000 -0.008041 -0.009537 -1.000137 -0.010841 -0.018394 -0.066683
19.350000 -0.011642 -0.059509 -1.074722 -0.078088 0.056100 -0.108029
19.400000 -0.009415 0.018906 -1.136459 0.011303 0.150524 -0.077761
19.450000 0.128281 -0.020157 -1.319092 -0.181681 0.030894 -0.247670
19.500000 0.017090 0.032989 -1.202911 0.074959 0.166054 0.049993
19.550000 0.034119 -0.071976 -1.238632 -0.150217 0.019228 0.034680
19.600000 0.039429 -0.027435 -1.204803 0.016374 -0.067926 0.238430
19.650000 0.014374 -0.051712 -1.171295 0.279948 0.164061 0.320669
19.700000 -0.047180 0.009232 -1.096588 0.310499 0.218416 0.271580
19.750000 0.021515 0.013809 -1.105438 0.190201 0.387277 -0.113965
19.800000 0.108414 0.039474 -1.014862 0.267028 0.348826 -0.430882
19.850000 0.147003 0.065826 -0.980957 0.223803 0.589648 -0.507608
19.900000 0.181824 0.047180 -0.869110 0.319536 0.625696 -0.484768
19.950000 0.162186 -0.016830 -0.810867 0.335359 0.437439 -0.251535
20.000000 0.085098 -0.026840 -0.692352 0.537080 0.387712 0.005968
20.050000 0.156708 -0.119324 -0.716019 0.302272 -0.022879 0.037960
20.100000 0.100326 -0.090210 -0.688583 0.296461 -0.211285 0.122986
20.150000 0.136795 -0.127731 -0.815628 -0.048702 -0.270982 -0.105069
20.200000 0.116669 -0.111877 -0.783249 0.295772 -0.510444 0.201252
20.250000 0.097244 -0.139847 -0.881729 0.064986 0.033666 -0.121341
20.300000 0.080139 -0.142853 -0.872452 0.292533 -0.271097 0.088871
20.350000 0.122162 -0.138657 -0.886902 -0.021385 -0.094252 -0.172729
20.400000 0.126267 -0.138351 -0.939270 0.048656 -0.023302 -0.102281
20.450000 0.167191 -0.151993 -0.969177 0.025913 -0.075415 -0.071644
20.500000 0.138245 -0.140274 -0.946716 0.003097 -0.010908 -0.041106
20.550000 0.138428 -0.162231 -0.979599 -0.068201 0.082747 -0.068418
20.600000 0.143692 -0.127579 -0.954422 0.020882 -0.013858 0.023753
20.650000 0.130905 -0.151657 -0.986679 -0.011162 0.006437 0.035327
20.700000 0.119141 -0.145920 -0.987030 -0.006443 0.037016 -0.004860
20.750000 0.127930 -0.146713 -0.980957 -0.041467 -0.040495 -0.016170
20.800000 0.124680 -0.147553 -0.968414 0.038051 -0.017439 0.020345
20.850000 0.132812 -0.146606 -0.976944 -0.008505 -0.038078 -0.017122
20.900000 0.132523 -0.139465 -0.955612 0.075958 -0.019793 0.017063
20.950000 0.125473 -0.152405 -0.965439 0.009842 0.009523 -0.020059
21.000000 0.131607 -0.148483 -0.969208 0.024301 -0.001102 -0.013134
21.050000 0.127579 -0.161408 -0.981842 -0.018697 0.055628 -0.048722
21.100000 0.125336 -0.154312 -0.961533 0.005052 0.015435 -0.023503
21.150000 0.109711 -0.149658 -0.965881 -0.014956 0.081822 -0.051927
21.200000 0.135025 -0.158020 -0.954453 -0.026607 -0.030991 -0.024092
21.250000 0.122864 -0.145706 -0.974304 -0.071808 0.020122 -0.022722
21.300000 0.142944 -0.139679 -0.979630 -0.038343 -0.057338 -0.040592
21.350000 0.141068 -0.138794 -0.984558 -0.033299 0.035414 -0.048979
21.400000 0.137863 -0.143631 -0.977799 -0.005541 0.014143 -0.037450
21.450000 0.149551 -0.148331 -0.973587 0.021319 -0.005635 0.007639
21.500000 0.132507 -0.136475 -0.950775 0.035199 0.080304 0.033947
21.550000 0.140732 -0.151489 -0.982529 -0.049863 0.028499 -0.022527
21.600000 0.139908 -0.135712 -0.971970 0.023165 0.002902 0.029707
21.650000 0.133697 -0.153473 -0.979782 -0.019504 0.013535 0.028409
21.700000 0.130997 -0.132828 -0.969330 0.039704 -0.000875 0.004313
21.750000 0.152451 -0.156204 -0.979248 -0.027183 0.022750 -0.003943
21.800000 0.133469 -0.155319 -0.971039 0.016337 0.019793 0.056431
21.850000 0.146545 -0.146362 -0.969772 0.026092 0.047949 0.010464
21.900000 0.126694 -0.142593 -0.964493 0.019725 0.013941 0.066809
21.950000 0.133514 -0.145416 -0.962357 0.018767 0.053884 0.010478
22.000000 0.127274 -0.147293 -0.950851 0.006472 0.059843 0.013935
22.050000 0.140167 -0.148163 -0.952438 -0.027037 0.000083 -0.008773
22.100000 0.155487 -0.154251 -0.981140 -0.062816 -0.005004 -0.039098
22.150000 0.168472 -0.147202 -0.977936 0.007914 -0.005623 0.007581
22.200000 0.163467 -0.149216 -0.977066 0.027496 0.058634 0.003644
22.250000 0.160477 -0.149231 -0.976196 -0.014673 0.007651 0.030712
22.300000 0.144302 -0.153183 -0.965912 0.024067 0.054208 0.040604
22.350000 0.135269 -0.152222 -0.959351 0.020535 0.017276 0.036779
22.400000 0.141525 -0.151337 -0.972778 -0.017298 0.038258 -0.008343
22.450000 0.168610 -0.153244 -0.990540 -0.054855 0.023422 -0.063060
22.500000 0.175171 -0.146957 -0.966095 0.075890 0.020800 0.019782
22.550000 0.169998 -0.144898 -0.953598 0.035016 0.068109 -0.004316
22.600000 0.151047 -0.145019 -0.947311 -0.000216 0.085856 -0.010136
22.650000 0.173142 -0.139984 -0.955505 -0.040639 0.061644 -0.048758
22.700000 0.161285 -0.164001 -0.983841 -0.025256 0.046773 0.014823
22.750000 0.164124 -0.150971 -0.963440 0.036402 0.022844 -0.009346
22.800000 0.177826 -0.150696 -0.954315 0.022014 -0.011765 -0.017838
22.850000 0.184540 -0.140549 -0.932831 0.048963 0.033450 -0.023063
22.900000 0.180450 -0.119980 -0.856308 0.073826 0.036127 0.004863
22.950000 0.181915 -0.103714 -0.812653 -0.078880 0.130738 -0.034461
23.000000 0.187683 -0.096603 -0.796997 -0.284808 0.120837 -0.042636
23.050000 0.158340 -0.096161 -0.814300 -0.455716 0.061553 0.009096
23.100000 0.168610 -0.128708 -0.914871 -0.559550 0.046347 -0.076073
23.150000 0.202286 -0.047470 -0.866943 -0.294836 -0.168200 0.109701
23.200000 0.183762 -0.092270 -0.980820 -0.444001 0.060846 -0.064899
23.250000 0.164200 0.013657 -0.871277 -0.202143 -0.091916 0.108594
23.300000 0.158340 -0.029816 -0.972214 -0.304971 0.060698 0.027266
23.350000 0.232788 0.002121 -0.986969 -0.338145 -0.135984 -0.004782
23.400000 0.181946 -0.061234 -0.999573 -0.345456 -0.016200 0.083031
23.450000 0.181564 0.031143 -0.969116 0.029123 0.136246 0.167479
23.500000 0.151932 -0.004730 -0.921066 0.018451 -0.065669 0.342594
23.550000 0.190979 -0.030380 -0.969391 0.051774 -0.194235 0.331201
23.600000 0.118957 -0.051651 -0.963409 0.067108 -0.201174 0.350890
23.650000 0.183731 -0.009689 -1.024170 0.065878 -0.420896 0.265592
23.700000 0.123123 -0.023193 -1.033463 -0.027159 -0.254774 0.228404
23.750000 0.155045 -0.031555 -1.098663 -0.215659 -0.139941 -0.068928
23.800000 0.081070 -0.021408 -1.011276 -0.045397 -0.141890 -0.049490
23.850000 0.141586 0.050476 -1.024765 -0.039080 -0.058360 -0.287020
23.900000 0.078186 0.049744 -1.027420 -0.108991 -0.213729 -0.087517
23.950000 0.104950 -0.011917 -1.051529 -0.256591 -0.085108 -0.182037
24.000000 -0.023621 0.015274 -1.031845 -0.046607 -0.181492 0.178055
24.050000 0.112060 0.016861 -1.026276 -0.181785 -0.245328 -0.147210
24.100000 0.043411 -0.006592 -1.040573 -0.032869 -0.180027 0.075180
24.150000 0.088318 -0.029144 -1.081009 -0.057919 -0.155781 -0.129516
24.200000 0.110916 0.006027 -1.031082 0.112007 -0.156018 -0.052219
24.250000 0.051590 0.007248 -1.036575 0.144743 -0.124102 0.181949
24.300000 0.079071 0.024628 -1.003876 0.053864 -0.081297 -0.069217
24.350000 0.075851 0.049301 -1.057602 0.062070 0.028699 -0.013798
24.400000 0.040329 0.041138 -0.981705 0.056088 -0.441686 -0.052809
24.450000 -0.014084 -0.031769 -0.974884 -0.017923 -0.140906 0.061731
24.500000 0.072311 0.057236 -0.975128 0.082590 -0.169470 0.044677
24.550000 0.005875 -0.000488 -0.992065 -0.026309 -0.206394 0.057619
24.600000 -0.007416 0.025833 -0.988724 -0.011871 -0.097265 0.017040
24.650000 0.010193 0.009262 -0.997849 0.001813 -0.014056 0.005146
24.700000 0.011185 0.009293 -0.996841 0.026365 -0.017641 -0.000535
24.750000 0.005829 -0.002441 -0.992050 -0.013710 0.007635 0.037649
24.800000 0.020782 0.003632 -0.988769 0.003317 0.016782 -0.006136
24.850000 0.020554 -0.013107 -0.997421 0.031340 0.010886 -0.004877
24.900000 0.008057 0.009354 -0.990128 0.001957 0.022767 -0.001462
24.950000 0.011993 0.005447 -0.992905 -0.001745 0.001361 0.000637
25.000000 0.011871 0.004501 -0.989029 0.001950 -0.002212 -0.000532
25.050000 0.012878 0.003540 -0.989960 -0.006656 0.003746 0.001788
25.100000 0.008850 0.000549 -0.990051 -0.000542 -0.010522 0.001692
25.150000 0.012756 0.001602 -0.987045 0.007940 -0.006966 0.002934
25.200000 0.008926 0.003494 -0.990066 0.004437 -0.005831 -0.002859
25.250000 0.011887 0.003540 -0.989990 -0.010352 -0.008181 0.002822
25.300000 0.008835 0.001526 -0.989090 0.003090 0.000161 0.001815
25.350000 0.007050 0.004364 -0.994980 0.005497 0.002557 0.003007
25.400000 0.011063 0.004395 -0.996811 -0.004196 0.001330 0.000628
25.450000 0.009842 0.000549 -0.990982 -0.000420 0.008435 -0.003914
25.500000 0.011810 0.004547 -0.986115 -0.007758 -0.002276 -0.002895
25.550000 0.009064 0.005371 -0.994934 0.002054 0.006049 -0.005079
25.600000 0.009933 0.003479 -0.991974 -0.000506 0.002517 -0.000498
25.650000 0.008774 -0.001389 -0.989059 0.009225 -0.003407 0.000659
25.700000 0.007019 0.008362 -0.989182 -0.004004 -0.002300 -0.006346
25.750000 0.010925 0.000504 -0.994842 0.004374 0.002526 -0.000471
25.800000 0.011017 0.005432 -0.992920 -0.012382 -0.007124 -0.012221
25.850000 0.005951 0.002441 -0.992081 0.000544 -0.014076 0.006298
25.900000 0.009888 0.002502 -0.990997 -0.004098 -0.001077 -0.002865
25.950000 0.008041 0.006363 -0.993012 -0.002816 -0.001095 -0.005172
26.000000 0.011948 0.006454 -0.990021 -0.001620 -0.009413 -0.004084
26.050000 0.007843 0.002518 -0.988144 0.012847 0.006133 0.001922
26.100000 0.009003 0.003433 -0.993942 0.005573 -0.009359 0.000584
26.150000 0.008820 0.001541 -0.988129 -0.004212 -0.004650 0.000586
26.200000 0.010849 0.002533 -0.989029 0.000541 -0.002220 0.005262
26.250000 0.005920 0.006424 -0.986282 -0.005307 -0.004693 -0.004048
26.300000 0.009048 0.005386 -0.993958 0.007761 0.003774 0.008827
26.350000 0.010910 0.002502 -0.991943 -0.005311 -0.001121 -0.004016
26.400000 0.006912 0.002487 -0.990112 -0.004091 -0.001119 -0.004009
26.450000 0.015823 0.000610 -0.991806 -0.000706 -0.006970 0.006369
26.500000 0.012878 0.002518 -0.991898 0.001779 0.012055 0.004241
26.550000 0.010956 0.005478 -0.990021 0.005545 0.007231 -0.000393
26.600000 0.010925 0.004486 -0.990021 0.000830 -0.003539 -0.006302
26.650000 0.013016 0.004410 -0.995804 0.004517 0.000027 -0.007406
26.700000 0.006012 0.003418 -0.993042 -0.010284 -0.001140 -0.001705
26.750000 0.008987 0.007401 -0.989120 -0.016255 -0.004760 -0.006399
26.800000 0.010925 0.006454 -0.988098 -0.009000 -0.004728 -0.004045
26.850000 0.007965 0.005447 -0.990097 -0.011354 -0.005952 -0.007529
26.900000 0.008804 0.002548 -0.986175 0.007816 -0.002237 0.005337
26.950000 0.010742 -0.000366 -0.987076 0.000659 -0.008250 -0.000542
27.000000 0.010895 0.004486 -0.989044 -0.004202 -0.002312 -0.001660
27.050000 0.009903 0.002487 -0.991974 0.003267 0.002407 -0.007360
27.100000 0.010025 0.006378 -0.992966 -0.001642 0.001221 -0.006241
27.150000 0.010986 0.005447 -0.991959 -0.010282 0.004815 -0.002774
27.200000 0.012894 0.001511 -0.993835 -0.005337 0.000043 -0.005103
27.250000 0.006912 0.002487 -0.990112 0.004361 -0.002301 -0.002757
27.300000 0.009888 0.004471 -0.989075 0.001854 -0.002273 -0.000442
27.350000 0.009903 0.003510 -0.990036 -0.005275 -0.005916 -0.007456
27.400000 0.007935 0.003479 -0.991043 0.004469 0.009570 -0.007262
27.450000 0.008926 0.005463 -0.988144 -0.004192 0.004850 -0.002708
27.500000 0.008942 0.001465 -0.993942 0.003029 0.008463 0.000836
27.550000 0.009903 0.005478 -0.988113 0.004337 0.010827 -0.002589
27.600000 0.010895 0.004486 -0.989044 0.002028 0.003641 -0.007294
27.650000 0.012802 0.002563 -0.988022 0.001659 0.000196 0.006555
27.700000 0.008896 0.002502 -0.990066 -0.000504 0.002497 -0.003826
27.750000 0.010025 0.007385 -0.992004 0.006688 0.004931 0.000863
27.800000 0.010971 0.005463 -0.990982 -0.005448 0.006082 -0.001508
27.850000 0.010880 0.003525 -0.989029 -0.000447 0.009640 -0.006051
27.900000 0.010788 0.001587 -0.987091 -0.000622 -0.003387 0.000771
27.950000 0.012909 0.004486 -0.990936 0.003172 -0.015324 -0.003944
28.000000 0.009888 0.002502 -0.990997 0.000680 0.014457 -0.002507
28.050000 0.013947 0.003510 -0.992828 0.002132 -0.003464 -0.010760
28.100000 0.006882 0.003510 -0.987198 0.000542 -0.005720 0.003094
28.150000 0.009003 0.005417 -0.992020 -0.001465 0.003680 -0.013002
28.200000 0.012848 0.002548 -0.989960 -0.004112 -0.005771 -0.005004
28.250000 0.008881 0.005493 -0.986191 0.005450 0.003827 0.002077
28.300000 0.010834 0.002548 -0.988068 -0.007979 -0.006863 0.003090
28.350000 0.010910 0.001511 -0.992905 -0.004315 0.022884 0.002223
28.400000 0.011826 0.001572 -0.989990 0.003157 -0.010467 -0.002666
28.450000 0.004944 0.004410 -0.989212 -0.002774 -0.015260 -0.008501
28.500000 0.008850 0.002518 -0.988129 0.006935 0.004996 -0.007107
28.550000 0.009964 0.003464 -0.992935 -0.007699 0.002594 -0.007210
28.600000 0.010986 0.003464 -0.993881 -0.004146 -0.005656 -0.002609
28.650000 0.008896 0.004471 -0.988144 -0.004149 -0.003276 -0.002587
28.700000 0.014709 0.001648 -0.986008 -0.003087 0.011092 0.003362
28.750000 0.007812 -0.000427 -0.990066 -0.001709 0.008663 -0.002437
28.800000 0.011917 0.006454 -0.989044 -0.000732 0.002798 0.006770
28.850000 0.013702 0.000671 -0.985046 -0.009125 -0.010315 0.002002
28.900000 0.011902 0.006470 -0.988083 -0.004196 0.002762 -0.000166
28.950000 0.009872 0.002518 -0.990036 -0.012754 -0.010330 0.000825
29.000000 0.011047 0.006378 -0.993912 -0.008931 -0.006771 -0.004879
29.050000 0.013992 0.005463 -0.992844 0.004608 -0.005601 -0.009421
29.100000 0.010818 0.003571 -0.986115 0.004168 0.000495 0.006829
29.150000 0.007935 0.005447 -0.989120 -0.000570 -0.004276 0.002159
29.200000 0.008881 0.003510 -0.988129 0.004492 -0.001951 -0.004733
29.250000 0.008850 0.000549 -0.990051 -0.007635 -0.010321 -0.007190
29.300000 0.010925 0.003510 -0.990967 -0.000505 0.005260 -0.000043
29.350000 0.008957 0.002457 -0.992966 0.005536 -0.000659 0.002251
29.400000 0.008926 0.002472 -0.992004 0.001851 -0.006605 0.003333
29.450000 0.004807 0.001526 -0.986282 0.000949 0.000468 -0.008149
29.500000 0.010818 0.001556 -0.989029 -0.011498 0.002913 0.001059
29.550000 0.009872 0.003510 -0.989059 -0.003805 -0.000771 -0.012815
29.600000 0.010986 0.003464 -0.993881 -0.004108 0.005323 -0.001164
29.650000 0.006927 0.004440 -0.989151 0.003023 0.005397 0.005817
29.700000 0.008850 0.002518 -0.988129 -0.002818 0.006530 -0.003434
29.750000 0.010941 0.006439 -0.989059 0.001972 0.001809 0.000020
29.800000 0.008896 0.003494 -0.989090 0.002208 0.014816 -0.009116
29.850000 0.007843 0.002518 -0.988144 0.000762 0.001848 0.000044
29.900000 0.012955 0.004456 -0.992874 -0.007642 -0.008918 -0.004729
29.950000 0.005844 0.001511 -0.988205 0.000887 0.000616 -0.004595
30.000000 0.009918 0.004471 -0.990051 0.000743 -0.002859 0.001188
30.050000 0.009872 0.002518 -0.990036 0.004403 -0.005233 0.001187
30.100000 0.012024 0.006393 -0.993896 0.003399 -0.004118 -0.006907
30.150000 0.012817 0.000580 -0.990906 0.011915 -0.008815 -0.005718
30.200000 0.006943 0.001465 -0.993012 0.004437 -0.002824 0.000080
30.250000 0.009872 0.001511 -0.991974 -0.001856 0.006750 0.007073
30.300000 0.008789 0.002563 -0.985199 0.001028 0.001890 -0.009122
30.350000 0.010864 0.001541 -0.990967 0.006975 -0.002809 -0.003347
30.400000 0.007950 0.002457 -0.992981 -0.002627 -0.004067 -0.009196
30.450000 0.009796 -0.000412 -0.990021 -0.010051 -0.015895 -0.004688
30.500000 0.003021 0.005386 -0.990234 -0.003939 0.003144 -0.005639
30.550000 0.011002 0.004425 -0.993896 -0.004059 -0.001574 -0.001054
30.600000 0.007858 0.001526 -0.990082 0.014232 0.010392 -0.000818
30.650000 0.012939 0.005478 -0.990936 0.004573 0.004397 -0.004396
30.700000 0.007935 0.003479 -0.991043 -0.004248 0.009238 0.006011
30.750000 0.006912 0.004456 -0.988190 -0.005239 0.004446 -0.002106
30.800000 0.011856 0.002548 -0.989990 0.002060 -0.009813 -0.001038
30.850000 0.009064 0.000397 -1.000732 -0.004114 0.005668 0.001382
30.900000 0.004868 0.001480 -0.989197 -0.000158 -0.006277 -0.009084
30.950000 0.007812 0.001541 -0.988144 0.000832 -0.027613 -0.000017
31.000000 0.009872 0.001511 -0.991974 0.005736 -0.015676 -0.001009
31.050000 0.009781 0.002563 -0.986145 0.008114 -0.016841 0.001307
31.100000 -0.002274 -0.004410 -0.986420 0.015286 -0.028677 0.007024
31.150000 -0.001190 -0.004440 -0.990280 -0.002820 -0.026349 0.000037
31.200000 0.002808 -0.000458 -0.987289 -0.001939 0.005888 0.011904
31.250000 0.001068 0.000366 -0.997055 -0.007640 -0.010499 0.042960
31.300000 0.003906 0.000488 -0.991135 0.008184 -0.020354 -0.000971
31.350000 0.000916 -0.002518 -0.993149 0.009256 -0.028630 0.004744
31.400000 0.014801 -0.004349 -0.996643 0.015937 -0.045061 0.028927
31.450000 0.061646 -0.030182 -0.992294 0.025131 -0.130016 0.234169
31.500000 -0.051544 0.006775 -0.986847 0.031733 -0.111448 0.442618
31.550000 0.040100 -0.030609 -1.005508 0.026883 -0.109131 0.304939
31.600000 -0.026230 0.004364 -0.967682 0.042926 -0.099150 0.616329
31.650000 -0.034607 -0.000061 -0.998978 0.032643 -0.032321 0.770748
31.700000 -0.038757 0.000000 -0.990341 0.023963 0.000246 0.820742
31.750000 -0.055847 0.002991 -0.974289 0.029756 -0.029018 0.741838
31.800000 0.069565 -0.052307 -0.971542 0.062652 -0.036506 0.697990
31.850000 -0.066498 0.035843 -0.995209 0.042428 -0.017537 1.087930
31.900000 0.041916 -0.036423 -1.004456 0.065404 -0.005584 0.958592
31.950000 0.069046 -0.042038 -0.934692 0.072031 0.015341 1.165906
32.000000 -0.004700 -0.027374 -0.945511 0.072059 0.006637 1.256066
32.050000 -0.034943 0.032349 -0.991455 0.018433 0.044978 1.162406
32.100000 -0.055267 0.000610 -1.005371 0.061089 -0.036347 0.847224
32.150000 0.082718 -0.044388 -0.974136 0.036945 -0.073303 0.975172
32.200000 0.064545 -0.010254 -0.967087 0.096307 0.119477 1.486342
32.250000 -0.123856 0.053329 -1.028961 0.016728 0.072004 1.907744
32.300000 -0.084793 0.006088 -1.009109 0.082725 0.059982 1.357309
32.350000 0.071228 -0.020920 -0.966843 0.058478 0.023748 1.170583
32.400000 -0.118454 0.030548 -0.981995 0.015811 0.020973 1.397075
32.450000 -0.025208 0.024582 -0.993057 0.009521 0.041530 1.039740
32.500000 -0.060181 0.031692 -1.018356 -0.003478 0.013594 0.979255
32.550000 0.000626 -0.015244 -0.994049 0.003268 -0.006473 0.864575
32.600000 0.027588 -0.010132 -1.000168 -0.028380 0.039077 0.906462
32.650000 -0.004349 -0.045471 -0.982300 -0.008562 0.021616 1.077637
32.700000 -0.090286 0.023621 -1.010345 0.003074 0.000730 0.871581
32.750000 -0.018005 -0.005661 -0.993637 0.023234 0.031018 0.664880
32.800000 0.024002 -0.034607 -0.999115 0.000344 0.016109 0.336054
32.850000 0.054459 -0.035080 -0.986633 0.001733 0.021681 0.557083
32.900000 -0.035278 -0.009552 -0.978516 -0.005014 0.064075 1.035236
32.950000 -0.046097 0.016449 -0.998428 0.015480 0.137079 0.815041
33.000000 -0.021683 0.007019 -0.992844 -0.009424 0.049086 0.563053
33.050000 0.019241 -0.027817 -0.999283 -0.012581 0.007227 0.408786
33.100000 -0.100601 0.061905 -0.993408 -0.003378 -0.009594 0.520905
33.150000 0.010880 -0.002441 -0.995804 -0.012863 0.010800 0.146197
33.200000 -0.001358 -0.011291 -0.990234 -0.003864 0.011897 0.128950
33.250000 0.021942 -0.027634 -0.987549 0.008434 0.001219 0.261966
33.300000 -0.016663 0.014984 -0.986939 0.000992 -0.034397 0.403902
33.350000 -0.059036 0.062408 -0.990356 -0.008646 0.005952 0.261914
33.400000 -0.004288 -0.005386 -0.985489 -0.008713 0.013023 -0.008740
33.450000 -0.007141 -0.002548 -0.988510 -0.000321 0.001188 -0.003016
33.500000 -0.003143 -0.003494 -0.990356 0.010634 -0.009495 -0.001896
33.550000 -0.000061 -0.004517 -0.997040 0.018498 -0.031081 -0.021716
33.600000 -0.013138 -0.005554 -0.989624 -0.005593 0.048491 -0.035011
33.650000 0.032562 0.018448 -1.060501 -0.030060 0.121872 0.056916
33.700000 -0.005997 -0.004593 -0.997208 0.004312 -0.003478 0.006221
33.750000 -0.006165 -0.001495 -0.985565 -0.000490 0.013146 0.002875
33.800000 -0.002045 -0.002579 -0.995178 0.004392 0.009582 0.002869
33.850000 -0.004089 -0.004517 -0.993256 -0.001792 0.000084 0.006220
33.900000 -0.002151 -0.004486 -0.992248 0.006862 0.008385 0.001715
33.950000 -0.001053 -0.001541 -0.993195 -0.002976 -0.005878 0.005002
34.000000 -0.000137 -0.004471 -0.993149 -0.004106 -0.003531 0.001546
34.050000 -0.001221 -0.004440 -0.989304 -0.004251 -0.015379 0.007222
34.100000 -0.002274 -0.005402 -0.987396 0.006960 0.000026 -0.001832
34.150000 0.000824 -0.002472 -0.989273 0.002019 0.000040 0.000455
34.200000 0.000626 -0.008301 -0.986328 -0.011296 -0.011863 -0.003147
34.250000 -0.004211 -0.002457 -0.985504 -0.002891 -0.002287 0.001614
34.300000 -0.001129 -0.000534 -0.989334 -0.002710 0.002411 -0.005284
34.350000 -0.003311 -0.006393 -0.986435 0.002204 -0.002352 -0.006456
34.400000 -0.003235 -0.007416 -0.991287 -0.005140 -0.008304 -0.005395
34.450000 -0.000107 -0.000519 -0.990280 0.003326 0.002441 -0.002937
34.500000 -0.005096 -0.004532 -0.993286 -0.000569 -0.011761 0.006168
34.550000 -0.001312 -0.004364 -0.984436 -0.002643 -0.004751 -0.007663
34.600000 -0.001251 -0.007385 -0.991226 -0.001609 -0.004686 -0.000715
34.650000 0.000778 -0.005402 -0.990234 -0.002738 -0.002339 -0.004171
34.700000 0.000916 -0.002518 -0.993149 -0.000245 0.007164 -0.006385
34.750000 0.000839 -0.004456 -0.992172 -0.003761 -0.014304 -0.011227
34.800000 0.000824 -0.002472 -0.989273 -0.007742 -0.001116 0.000440
34.850000 -0.001144 -0.002487 -0.990295 -0.000277 0.007174 -0.005228
34.900000 -0.001358 -0.006332 -0.984421 -0.006547 -0.009434 0.001527
34.950000 -0.003174 -0.004471 -0.990341 -0.003020 0.000134 0.006261
35.000000 -0.000183 -0.004440 -0.991211 -0.000451 -0.007044 0.001582
35.050000 -0.002029 0.000397 -0.992279 0.008114 -0.002281 0.000516
35.100000 -0.003174 -0.004471 -0.990341 -0.006425 -0.007095 -0.003079
35.150000 0.001709 -0.007339 -0.990189 0.003385 0.003610 -0.005242
35.200000 -0.000107 -0.001495 -0.991226 0.003143 -0.005777 0.003984
35.250000 0.000763 -0.006393 -0.990219 -0.003831 -0.008284 -0.008804
35.300000 -0.003067 -0.002563 -0.993256 -0.001450 -0.013019 -0.006520
35.350000 0.000702 -0.004364 -0.985367 -0.006332 -0.009456 -0.006515
35.400000 -0.000137 -0.003479 -0.992203 0.002004 0.007280 0.000625
35.450000 0.002838 -0.004440 -0.993073 0.000946 0.000086 -0.005231
35.500000 -0.003021 -0.001587 -0.994232 -0.002870 0.002513 0.000554
35.550000 0.003860 -0.004456 -0.994995 0.007228 0.002458 -0.012068
35.600000 -0.005997 -0.004593 -0.997208 -0.007584 -0.009402 -0.005317
35.650000 -0.004242 -0.004425 -0.986465 -0.000216 0.004869 -0.007460
35.700000 -0.002136 -0.000534 -0.988403 -0.000432 0.004965 0.000644
35.750000 -0.003113 -0.005524 -0.995193 -0.008805 -0.005811 -0.005286
35.800000 -0.000977 -0.001587 -0.997086 -0.005281 0.006137 -0.000530
35.850000 -0.003220 -0.004456 -0.988403 -0.001363 -0.002247 -0.009842
35.900000 -0.001175 -0.006454 -0.993164 -0.000088 0.004875 -0.012084
35.950000 -0.001160 -0.005463 -0.993179 -0.009998 0.002531 -0.006376
36.000000 -0.002167 -0.004471 -0.991272 0.000921 0.003783 -0.004000
36.050000 -0.000168 0.000504 -0.986389 -0.002798 0.001418 -0.001729
36.100000 -0.003174 -0.007462 -0.994202 0.000761 0.008595 0.001826
36.150000 0.000809 -0.004425 -0.990234 -0.005039 -0.008149 -0.008777
36.200000 -0.003113 -0.003525 -0.992294 -0.001300 0.007297 -0.012087
36.250000 -0.003204 -0.005447 -0.990341 -0.010112 0.001426 -0.001777
36.300000 -0.001114 -0.004501 -0.994156 0.010565 0.002691 0.000659
36.350000 -0.000214 -0.006424 -0.992172 0.004499 0.001481 -0.000543
36.400000 0.000946 -0.004517 -0.997024 -0.000475 0.003884 0.002922
36.450000 0.001923 -0.002533 -0.995071 0.002115 0.008596 -0.002806
36.500000 0.000824 -0.004440 -0.991196 -0.003257 0.005185 0.015644
36.550000 0.001862 -0.004471 -0.994080 -0.001590 -0.010429 -0.000686
36.600000 0.002838 -0.002457 -0.991150 0.004662 -0.008092 -0.006414
36.650000 0.000656 -0.005325 -0.984390 0.004500 -0.000899 -0.000566
36.700000 -0.001236 -0.004425 -0.988342 -0.005281 -0.010424 0.000451
36.750000 -0.003082 0.000412 -0.989395 0.000936 -0.004507 -0.004089
36.800000 -0.002258 -0.005417 -0.988373 -0.008978 -0.003280 0.001651
36.850000 -0.003174 -0.004471 -0.990341 -0.008730 -0.002174 -0.007593
36.900000 -0.001160 -0.004471 -0.992218 -0.005219 -0.010447 -0.001864
36.950000 0.000916 0.001434 -0.989304 0.013061 0.007432 -0.001600
37.000000 -0.001083 -0.002533 -0.993195 -0.000348 -0.002109 -0.001761
37.050000 0.001968 -0.000580 -0.995087 0.008101 -0.006825 0.001713
37.100000 0.001755 -0.004410 -0.989227 0.000870 -0.000917 -0.001744
37.150000 -0.001114 -0.002518 -0.992233 -0.004004 -0.006875 -0.001825
37.200000 -0.007248 -0.004456 -0.985565 -0.007724 -0.013818 0.003897
37.250000 -0.005020 -0.001587 -0.993301 -0.007510 -0.010321 -0.004168
37.300000 0.004807 -0.003418 -0.991104 -0.009596 -0.024721 -0.017037
37.350000 -0.001129 -0.004486 -0.993179 0.002340 0.025354 -0.008418
37.400000 -0.014069 -0.003616 -0.989670 0.004708 0.000396 -0.005161
37.450000 -0.030808 -0.002884 -0.993988 0.008351 -0.006371 -0.095441
37.500000 -0.022690 0.009003 -0.989014 0.004962 -0.031507 -0.241460
37.550000 0.001846 0.036636 -0.992432 0.023060 -0.002183 -0.553460
37.600000 -0.002167 -0.001480 -0.987411 0.029346 -0.009472 -0.833464
37.650000 -0.057327 0.027802 -1.018250 -0.013744 -0.003042 -0.773486
37.700000 -0.129273 0.065491 -0.993225 0.027832 -0.092199 -0.638705
37.750000 -0.047806 0.027191 -0.999527 0.005264 0.008872 -1.300825
37.800000 -0.055573 0.030945 -1.003632 0.022276 0.045709 -1.572272
37.850000 0.026047 0.014420 -0.991623 0.013059 -0.051309 -1.772193
37.900000 -0.058334 0.004593 -0.996735 -0.002554 -0.034349 -1.736261
37.950000 0.055466 0.015945 -0.976257 0.003571 -0.028445 -1.873847
38.000000 -0.005493 0.010971 -1.003159 -0.016797 0.047585 -1.752951
38.050000 -0.041321 0.006683 -1.001144 -0.024825 0.091007 -1.818545
38.100000 0.075226 0.007248 -0.982483 -0.007767 0.015219 -2.043580
38.150000 0.014557 0.013046 -1.011368 -0.005288 0.063666 -1.818685
38.200000 0.071320 0.002213 -0.991302 -0.016618 0.001605 -1.576374
38.250000 -0.023392 0.053909 -0.998093 0.027352 -0.009375 -1.350632
38.300000 0.069000 -0.021423 -1.002869 -0.067745 -0.051218 -1.488056
38.350000 -0.002792 0.007187 -0.995270 0.003968 -0.029886 -1.114938
38.400000 0.011337 -0.002090 -0.971497 0.003273 -0.032802 -1.043240
38.450000 0.018478 0.022049 -0.999649 -0.019753 -0.013441 -1.003857
38.500000 0.027878 -0.000381 -1.003143 -0.005534 0.025615 -0.898144
38.550000 0.015335 -0.017929 -0.989761 -0.010597 -0.000092 -0.845187
38.600000 0.050049 -0.027542 -1.004288 0.005079 -0.030527 -0.792159
38.650000 -0.006088 0.033539 -0.996506 0.004477 -0.013984 -0.542119
38.700000 0.003723 -0.007339 -0.992065 0.008415 -0.027566 -0.597753
38.750000 0.004990 -0.009506 -1.007568 -0.016699 -0.014227 -0.434646
38.800000 0.033920 -0.021561 -0.984360 -0.008183 -0.000662 -0.251684
38.850000 0.005554 -0.012192 -0.990051 0.002652 -0.003284 -0.017951
38.900000 -0.011932 0.001282 -0.991577 -0.012579 0.000460 0.003979
38.950000 -0.008026 0.004349 -0.984680 -0.011368 0.037340 0.003164
39.000000 0.005844 -0.009399 -1.000748 -0.023554 0.088469 0.001246
39.050000 0.007080 0.003387 -0.996903 0.006168 -0.004434 -0.013315
39.100000 0.002930 0.000458 -0.992142 0.006824 0.027873 0.006650
39.150000 0.001038 0.002365 -0.993179 -0.002600 -0.004379 -0.005264
39.200000 0.003052 0.005356 -0.992172 -0.007572 -0.000771 -0.001798
39.250000 -0.002090 0.001419 -0.988419 -0.002790 0.000457 0.001711
39.300000 -0.000168 -0.000488 -0.987366 -0.003764 0.001560 -0.007540
39.350000 -0.000122 0.000473 -0.988342 0.005795 0.012346 -0.000448
39.400000 0.001968 0.002411 -0.991211 -0.005047 -0.001995 -0.005266
39.450000 -0.003067 0.003403 -0.986496 -0.007681 0.006393 0.001737
39.500000 -0.001022 -0.001572 -0.995148 0.017962 0.005231 0.000712
39.550000 -0.002045 0.001404 -0.990356 -0.002636 -0.010315 -0.004171
39.600000 -0.003067 0.001389 -0.989410 0.005645 -0.001890 0.005206
39.650000 -0.001129 0.000473 -0.987396 -0.007801 -0.004282 0.006267
39.700000 0.001923 0.002426 -0.989273 0.005835 -0.007905 -0.001789
39.750000 -0.002106 -0.001511 -0.990326 -0.002811 0.007583 0.001774
39.800000 -0.003098 0.001419 -0.987472 0.002355 -0.000834 -0.008686
39.850000 -0.005051 0.004364 -0.985580 -0.013658 0.001573 -0.002969
39.900000 -0.003143 0.000458 -0.986481 0.007013 0.001625 -0.000540
39.950000 0.001984 0.000412 -0.994110 -0.003960 -0.004344 -0.000655
40.000000 -0.005157 -0.002518 -0.988464 -0.006465 -0.000756 0.001677
40.050000 0.000977 0.002411 -0.990280 -0.001709 -0.001897 0.006321
40.100000 0.003784 -0.004395 -0.991104 -0.001493 0.000410 -0.001755
40.150000 -0.000061 0.001434 -0.990295 0.002166 0.000415 -0.001735
40.200000 0.001007 0.002380 -0.992218 0.003356 0.006391 -0.000521
40.250000 0.000000 0.001389 -0.993195 0.001929 -0.005440 0.007462
40.300000 -0.005890 0.000290 -0.996277 0.002016 0.000479 0.004045
40.350000 -0.001083 -0.000549 -0.991272 -0.003797 -0.006765 -0.006465
40.400000 -0.001038 0.001404 -0.991287 -0.002524 0.002736 -0.008686
40.450000 -0.001068 0.000443 -0.990311 -0.001365 0.001568 -0.006376
40.500000 -0.001038 -0.000580 -0.993210 0.003272 -0.006671 0.002830
40.550000 0.000992 0.000412 -0.993164 0.000946 0.005184 -0.001703
40.600000 -0.003082 0.003418 -0.985519 -0.001735 -0.003067 0.007462
40.650000 0.001923 -0.001511 -0.993118 -0.004015 -0.007883 0.001621
40.700000 -0.000992 0.001373 -0.993225 -0.005116 -0.003167 -0.002970
40.750000 0.002991 0.001404 -0.994095 0.002194 0.005175 -0.002854
40.800000 0.000977 0.002411 -0.990280 -0.000364 -0.000737 0.001706
40.850000 -0.004974 0.000351 -0.993317 -0.006465 0.001634 0.001693
40.900000 0.002060 0.004333 -0.993164 -0.001370 0.003947 -0.006356
40.950000 0.000885 0.000473 -0.988327 -0.004050 -0.005493 0.002798
41.000000 -0.002029 0.001389 -0.991318 -0.005143 -0.009107 -0.001868
41.050000 -0.003204 -0.004471 -0.989365 0.001075 -0.003189 -0.006408
41.100000 -0.005997 0.002335 -0.989487 0.008202 0.001645 0.000617
41.150000 -0.002045 0.001404 -0.990356 -0.006245 -0.002011 -0.006438
41.200000 -0.002090 0.000427 -0.989365 -0.004020 0.001647 0.001714
41.250000 -0.001099 0.000443 -0.989334 0.001890 0.004100 0.008711
41.300000 0.000961 -0.001541 -0.994125 0.006055 -0.007962 -0.009886
41.350000 0.001831 -0.002457 -0.990219 0.001020 0.000423 -0.004026
41.400000 -0.003967 0.002350 -0.991363 -0.000230 -0.001948 -0.002898
41.450000 0.002045 0.000381 -0.997024 -0.007334 0.000347 -0.011015
41.500000 -0.001068 0.002411 -0.988388 -0.003968 -0.010245 0.000531
41.550000 0.000931 -0.000549 -0.992203 0.002088 0.001675 0.001829
41.600000 -0.003189 -0.001480 -0.986465 -0.011255 -0.004312 -0.000553
41.650000 -0.000107 -0.000519 -0.990280 -0.002810 -0.004269 0.002965
41.700000 -0.001022 0.002396 -0.990326 0.003371 0.006419 -0.000375
41.750000 -0.001053 0.000427 -0.991272 -0.001486 -0.010246 -0.000508
41.800000 0.001678 -0.001358 -0.981476 -0.002721 0.006412 -0.000364
41.850000 -0.000061 0.002411 -0.989319 -0.002593 0.001610 -0.005035
41.900000 0.000778 -0.004425 -0.989258 -0.002672 -0.007877 -0.001621
41.950000 0.000015 0.000381 -0.995132 -0.003904 0.006401 -0.001499
42.000000 -0.001114 0.001450 -0.987411 -0.007816 0.011239 0.007779
42.050000 0.001984 0.003418 -0.990250 -0.001466 0.013548 -0.001348
42.100000 0.004990 0.002411 -0.993073 -0.002744 0.008806 0.000916
42.150000 0.001984 0.002396 -0.992188 -0.006397 0.001661 0.000830
42.200000 0.002945 0.002441 -0.990219 -0.011236 -0.001925 -0.000310
42.250000 0.004852 0.001495 -0.988236 -0.007541 -0.007880 -0.001500
42.300000 -0.003006 0.001358 -0.992325 -0.006422 0.000484 0.002052
42.350000 -0.000198 -0.000473 -0.986389 -0.001627 -0.003047 0.005589
42.400000 -0.001190 -0.002472 -0.988357 -0.002605 0.004008 -0.003608
42.450000 -0.001053 0.000427 -0.991272 0.005777 0.004073 0.002224
42.500000 0.006882 0.002487 -0.989136 0.007004 0.004075 0.002292
42.550000 0.003784 0.001556 -0.984344 -0.007529 -0.007879 -0.001368
42.600000 0.003082 0.002350 -0.997009 0.011961 -0.004271 -0.000008
42.650000 0.000854 0.001480 -0.986389 0.003288 0.007658 0.004680
42.700000 0.004745 -0.001389 -0.986252 -0.002608 -0.011454 -0.002468
42.750000 0.001877 0.001465 -0.988312 0.001163 0.001601 -0.006956
42.800000 0.002930 0.000458 -0.992142 -0.003836 0.011149 -0.002225
42.850000 -0.002975 0.001343 -0.993286 -0.007379 -0.015070 -0.005953
42.900000 0.001587 -0.008270 -0.985321 0.013331 -0.043585 -0.003751
42.950000 -0.003998 -0.001587 -0.994247 0.044460 -0.051668 0.018329
43.000000 -0.004288 -0.010345 -0.990326 0.051961 -0.083840 0.012294
43.050000 -0.044464 0.010727 -0.988632 0.067476 -0.102739 0.026123
43.100000 -0.030289 -0.019104 -1.037613 0.135703 -0.143474 -0.015517
43.150000 -0.074677 -0.047928 -1.033737 0.385876 -0.351743 -0.059981
43.200000 -0.026657 -0.087128 -1.005936 0.757703 -0.272190 -0.007419
43.250000 -0.032593 -0.114395 -0.991318 1.098764 -0.225070 0.146456
43.300000 -0.025024 -0.211212 -0.992371 1.259654 -0.246201 0.151785
43.350000 -0.106613 -0.216919 -0.984802 1.349577 -0.186466 0.163238
43.400000 -0.069748 -0.296829 -0.991043 1.594360 -0.072532 0.221162
43.450000 -0.181564 -0.335052 -0.904343 2.006345 0.059469 0.275551
43.500000 -0.146240 -0.450149 -0.832626 1.970921 -0.054867 0.007070
43.550000 -0.139572 -0.517197 -0.802811 1.865931 -0.118140 -0.261335
43.600000 -0.088287 -0.622574 -0.678253 2.025366 -0.201515 -0.427802
43.650000 -0.065704 -0.697434 -0.660583 2.067400 -0.057277 -0.406593
43.700000 -0.050766 -0.760346 -0.548950 1.952861 -0.241481 -0.361467
43.750000 -0.071274 -0.815506 -0.486893 1.707937 -0.266096 -0.279752
43.800000 -0.039062 -0.885452 -0.403915 1.590043 -0.195815 -0.252002
43.850000 -0.023590 -0.908615 -0.318787 1.526796 0.097926 -0.129369
43.900000 -0.036926 -0.926056 -0.223785 1.249602 0.085758 0.018224
43.950000 -0.058685 -0.940887 -0.289368 0.936644 0.321489 0.083414
44.000000 -0.090240 -0.951004 -0.215317 0.879213 0.089448 0.092558
44.050000 -0.032410 -0.980789 -0.078445 0.807210 0.080200 0.002992
44.100000 -0.087936 -0.952835 -0.279373 0.363753 0.086896 0.027201
44.150000 -0.065475 -0.973648 -0.099777 0.508937 0.001402 -0.108128
44.200000 -0.068176 -0.964539 -0.149506 0.627473 0.093113 -0.118207
44.250000 -0.033218 -0.985245 -0.045395 0.669874 0.044319 -0.146054
44.300000 -0.054855 -0.972336 -0.085922 0.524853 -0.032451 -0.058473
44.350000 -0.040131 -0.979370 -0.039795 0.705488 0.024478 -0.109016
44.400000 0.029068 -0.987503 0.098145 0.774756 0.030619 -0.099320
44.450000 -0.031982 -0.984467 0.083862 0.334269 0.020164 0.132994
44.500000 -0.029968 -0.994034 0.025681 0.192120 0.026896 0.111441
44.550000 -0.078430 -0.966827 0.051392 0.181729 0.089324 0.042535
44.600000 -0.002304 -0.997391 0.117798 0.149200 0.032399 -0.062284
44.650000 -0.053802 -0.983353 0.039520 -0.138434 -0.002982 0.020253
44.700000 -0.021622 -0.995590 0.049240 -0.133394 0.013213 -0.031630
44.750000 -0.041504 -0.982483 0.021408 -0.117561 -0.014892 0.015632
44.800000 -0.025421 -0.992767 0.045227 -0.021018 0.007793 0.008277
44.850000 -0.062363 -0.979721 0.025696 -0.055921 -0.011038 0.036833
44.900000 -0.030258 -0.988876 0.045059 0.024502 0.003742 -0.051657
44.950000 -0.036697 -0.985306 0.025436 -0.023356 0.002585 -0.040370
45.000000 -0.033051 -0.993042 0.030457 -0.020723 0.004126 -0.002166
45.050000 -0.038803 -0.993225 0.021561 -0.016985 -0.001431 0.040608
45.100000 -0.050598 -0.982483 0.028931 0.006999 -0.007617 0.010606
45.150000 -0.039993 -0.993103 0.031235 -0.011628 0.009900 -0.022886
45.200000 -0.034714 -0.985275 0.025497 -0.005084 -0.004517 -0.039177
45.250000 -0.021545 -0.992676 0.048248 0.031318 0.006281 -0.031889
45.300000 -0.044571 -0.986450 0.021347 -0.027816 -0.009851 0.035889
45.350000 -0.021576 -0.992645 0.050201 0.024538 0.007691 -0.006462
45.400000 -0.040558 -0.983444 0.022400 -0.026016 0.005423 0.014056
45.450000 -0.039001 -0.993088 0.031265 -0.034211 0.002914 0.001263
45.500000 -0.039566 -0.984436 0.020508 -0.058295 0.005152 -0.010418
45.550000 -0.044449 -0.983536 0.019379 -0.038463 -0.004443 -0.021964
45.600000 -0.033630 -0.993301 0.011002 -0.021645 0.005187 -0.012527
45.650000 -0.032806 -0.986252 0.026535 0.047566 -0.000551 -0.000628
45.700000 -0.032211 -0.988907 0.044037 0.029078 0.007813 0.006285
45.750000 -0.045944 -0.993164 0.031082 -0.041867 0.000637 0.013924
45.800000 -0.040482 -0.985474 0.016586 -0.093746 -0.004393 -0.007231
45.850000 -0.037643 -0.993317 0.012848 -0.075968 0.004914 -0.033656
45.900000 -0.030396 -0.993439 -0.001526 -0.054297 0.007422 -0.023101
45.950000 -0.031494 -0.993378 0.004272 -0.010539 -0.004358 -0.017182
46.000000 -0.024796 -0.993164 0.015121 0.054850 -0.002910 0.000547
46.050000 -0.039932 -0.993149 0.028336 0.054552 0.017414 0.011140
46.100000 -0.043381 -0.985550 0.012619 -0.019517 0.001724 -0.000980
46.150000 -0.029617 -0.993286 0.009171 -0.057360 0.006436 0.000010
46.200000 -0.025681 -0.993225 0.010254 -0.041781 -0.000586 0.010444
46.250000 -0.034164 -0.986649 -0.002640 0.025147 0.003107 0.016680
46.300000 -0.044342 -0.985580 0.011627 0.099327 0.002104 0.025180
46.350000 -0.044388 -0.982575 0.017441 0.106170 0.000674 -0.002559
46.400000 -0.033447 -0.993774 0.048904 0.089238 0.014875 -0.008307
46.450000 -0.044601 -0.985413 0.024261 -0.021765 0.013932 0.037342
46.500000 -0.029160 -0.992950 0.034439 -0.040241 -0.003103 -0.001090
46.550000 -0.056778 -0.986008 -0.010071 -0.107912 0.005322 0.020587
46.600000 -0.028854 -0.993149 0.019882 -0.036910 0.006119 -0.034537
46.650000 -0.042953 -0.984833 -0.006775 -0.074323 -0.007937 -0.003639
46.700000 -0.031845 -0.993164 0.020782 0.015920 -0.003037 -0.003092
46.750000 -0.050232 -0.993652 -0.001083 -0.000592 0.003107 0.021164
46.800000 -0.033661 -0.987305 0.019699 0.030672 0.002894 -0.007583
46.850000 -0.044296 -0.984619 0.010651 -0.004103 0.011379 0.015436
46.900000 -0.028915 -0.993103 0.022797 0.013934 0.009893 -0.020337
46.950000 -0.029587 -0.987320 0.014938 -0.038058 0.000521 0.008252
47.000000 -0.036591 -0.993347 0.010925 -0.034502 0.011268 0.011838
47.050000 -0.050705 -0.984039 -0.013809 -0.013771 0.012490 0.011964
47.100000 -0.029587 -0.993301 0.008209 0.048240 -0.002076 -0.027138
47.150000 -0.041397 -0.985519 0.012680 0.054032 -0.007913 -0.015590
47.200000 -0.025192 -0.992905 0.034546 0.043262 0.003897 -0.023640
47.250000 -0.036285 -0.983597 0.007950 -0.039237 -0.004330 0.004761
47.300000 -0.040558 -0.993393 0.010818 -0.032584 -0.002127 -0.016007
47.350000 -0.047897 -0.984909 -0.007889 -0.055220 -0.001932 0.009320
47.400000 -0.031738 -0.993225 0.015915 0.020015 -0.005623 -0.020340
47.450000 -0.039520 -0.987427 0.015656 -0.003872 -0.003039 0.006158
47.500000 -0.038116 -0.985687 -0.001801 -0.008543 0.007591 -0.001870
47.550000 -0.028671 -0.993256 0.011139 0.030786 0.020678 -0.011919
47.600000 -0.041245 -0.987610 0.003006 0.021861 0.000570 0.002888
47.650000 -0.031784 -0.993195 0.017868 0.079534 0.001767 -0.008320
47.700000 -0.032013 -0.989044 0.034332 0.062313 -0.007728 -0.002718
47.750000 -0.027939 -0.995071 0.020889 0.001175 -0.003010 0.002770
47.800000 -0.055954 -0.985901 -0.002274 -0.068135 -0.001566 0.040603
47.850000 -0.034470 -0.985443 0.013840 0.005268 0.007575 -0.013276
47.900000 -0.039185 -0.986664 0.000137 -0.009737 0.002918 0.000480
47.950000 -0.027176 -0.992920 0.034500 0.023915 0.001562 -0.024762
48.000000 -0.031464 -0.985428 0.011978 -0.020794 -0.000616 0.005048
48.050000 -0.026932 -0.993073 0.022858 -0.006418 0.011391 0.014492
48.100000 -0.033066 -0.993027 0.031418 -0.063225 0.009182 0.041958
48.150000 -0.062271 -0.982758 0.018906 -0.160132 -0.000708 0.017036
48.200000 -0.042953 -0.985184 0.039825 -0.266721 -0.002723 -0.056454
48.250000 -0.027847 -0.993134 0.018951 -0.459117 -0.011443 -0.067975
48.300000 -0.028229 -0.982239 -0.043350 -0.643829 -0.017490 -0.048233
48.350000 -0.021652 -0.974274 -0.111252 -0.798237 -0.032948 -0.021465
48.400000 -0.015915 -0.974716 -0.149002 -0.677045 0.005495 0.006186
48.450000 -0.022858 -0.972794 -0.146286 -0.613330 0.001147 0.041207
48.500000 -0.039841 -0.961624 -0.173065 -0.666740 0.003769 0.076799
48.550000 -0.056381 -0.954697 -0.227020 -0.787527 0.015493 0.077392
48.600000 -0.036057 -0.939896 -0.234345 -0.874528 0.028948 0.000675
48.650000 -0.048737 -0.914597 -0.307754 -1.113455 -0.045224 -0.003639
48.700000 -0.041733 -0.894989 -0.382538 -1.263852 -0.156382 -0.033248
48.750000 -0.032516 -0.859924 -0.401977 -1.317247 -0.064538 -0.000317
48.800000 -0.051743 -0.834976 -0.494995 -1.525519 -0.124808 0.080121
48.850000 -0.052094 -0.758804 -0.578156 -1.594676 0.037171 0.107816
48.900000 -0.080643 -0.708847 -0.623016 -1.660409 0.032267 0.102778
48.950000 -0.074387 -0.647293 -0.707825 -1.807061 0.058679 0.021220
49.000000 -0.047409 -0.600693 -0.757965 -1.773007 0.074597 -0.066372
49.050000 -0.037842 -0.529388 -0.847611 -1.802493 -0.037208 -0.055981
49.100000 -0.035599 -0.434036 -0.890015 -1.640894 0.016418 0.057623
49.150000 -0.040543 -0.387680 -0.930328 -1.601968 -0.031853 0.108305
49.200000 -0.056091 -0.310806 -0.950729 -1.397622 0.061080 0.219032
49.250000 -0.092194 -0.240311 -0.990097 -1.338678 0.051532 0.205447
49.300000 -0.049149 -0.206940 -1.018311 -1.219693 0.057390 0.044193
49.350000 -0.065842 -0.169449 -0.982117 -0.953675 0.035930 -0.004273
49.400000 -0.024765 -0.132141 -1.007492 -0.826269 0.043487 0.020797
49.450000 -0.058578 -0.080414 -0.989349 -0.771973 0.054888 0.088303
49.500000 -0.021729 -0.076782 -1.039902 -0.715500 0.094110 0.073933
49.550000 -0.044510 -0.036285 -0.994125 -0.464905 0.086024 0.190941
49.600000 -0.064468 -0.009583 -0.956940 -0.302661 0.145336 0.143790
49.650000 -0.032898 -0.007797 -0.994995 -0.153503 0.152536 -0.005716
49.700000 0.043594 -0.025574 -1.071548 -0.183487 0.312835 -0.301756
49.750000 -0.013290 -0.008423 -0.984741 -0.043066 0.057306 -0.027951
49.800000 -0.000443 -0.014191 -0.990189 -0.042006 0.060930 -0.022128
49.850000 -0.011215 0.000473 -0.978912 -0.054093 0.097387 0.063747
49.900000 -0.001190 -0.004440 -0.990280 -0.011033 0.012446 0.006528
49.950000 0.001831 -0.000488 -0.988297 -0.001212 0.005300 0.004204
50.000000 -0.001038 -0.001556 -0.994171 -0.003595 0.002895 0.001856
50.050000 0.001785 -0.002441 -0.988281 -0.009508 -0.001937 -0.005162
50.100000 0.001923 -0.001511 -0.993118 0.004899 0.007679 0.003102
50.150000 0.001877 -0.001480 -0.991180 -0.000824 0.002784 -0.010856
50.200000 -0.001160 -0.003464 -0.990295 -0.001286 -0.003010 0.006442
50.250000 0.000931 -0.000549 -0.992203 -0.009640 -0.011517 -0.001757
50.300000 0.005798 -0.001419 -0.989136 0.007474 0.013479 -0.003750
50.350000 -0.002029 0.000397 -0.992279 -0.003563 0.008723 -0.001541
50.400000 0.001938 0.000443 -0.992172 0.002641 -0.006770 -0.005117
50.450000 0.000854 0.001480 -0.986389 0.002417 -0.000747 0.003034
50.500000 -0.001175 -0.002487 -0.989319 0.005947 0.002871 0.007714
50.550000 0.000030 -0.000610 -0.997070 0.001379 0.001568 -0.003892
50.600000 0.001770 -0.001419 -0.986328 0.006008 0.000468 0.005379
50.650000 0.001846 -0.002472 -0.991180 0.001196 -0.005511 0.002984
50.700000 0.001907 0.000473 -0.990234 0.008502 0.006401 0.003132
50.750000 0.002930 0.001450 -0.991180 0.000002 -0.000763 0.001864
50.800000 -0.001999 -0.000626 -0.995193 -0.001190 0.001605 0.000721
50.850000 0.000900 -0.000519 -0.990265 0.006004 0.000467 0.005379
50.900000 0.003860 0.000504 -0.989197 -0.007139 0.006303 -0.005054
50.950000 0.001877 0.003479 -0.985382 -0.002470 -0.003136 0.002984
51.000000 0.000809 -0.004425 -0.990234 -0.004733 0.006317 -0.003884
51.050000 -0.001068 0.000443 -0.990311 -0.002373 -0.009118 -0.000540
51.100000 0.001053 0.002350 -0.994156 -0.001349 0.001657 0.006504
51.150000 0.004974 0.001419 -0.994049 -0.003317 -0.005643 -0.010927
51.200000 -0.001022 -0.000595 -0.994186 -0.007290 -0.001974 0.000654
51.250000 -0.000122 -0.004486 -0.994125 -0.000046 0.011148 0.003126
51.300000 0.000809 -0.002457 -0.988312 0.003913 -0.004378 -0.006187
51.350000 -0.001099 0.001434 -0.988388 -0.005966 -0.007921 -0.001647
51.400000 0.003128 0.000320 -1.001846 -0.004598 -0.000832 -0.007359
51.450000 0.004822 -0.000473 -0.989182 0.002501 -0.000747 0.000779
51.500000 0.001770 -0.000443 -0.985367 0.006153 0.007588 0.000875
51.550000 -0.000107 -0.000519 -0.990280 -0.014385 -0.004406 -0.006289
51.600000 0.001892 0.003464 -0.986359 0.001158 -0.001898 0.005389
51.650000 -0.003052 0.000412 -0.990372 -0.002318 -0.001966 -0.001573
51.700000 0.002777 -0.000443 -0.986313 -0.004615 0.013448 -0.007230
51.750000 -0.000092 -0.002518 -0.993164 -0.001041 0.003965 -0.003826
51.800000 -0.000122 -0.001480 -0.990265 0.000022 0.005209 0.001976
51.850000 0.002914 0.000473 -0.991165 -0.003540 0.001601 -0.001548
51.900000 -0.001175 -0.002487 -0.989319 -0.002442 -0.001926 0.003054
51.950000 0.001984 0.003418 -0.990250 0.002560 -0.000770 -0.001536
52.000000 0.003830 0.002518 -0.985321 -0.001263 0.008796 0.004314
52.050000 0.002884 0.003479 -0.986328 -0.001318 0.000488 0.006552
52.100000 0.004837 -0.002457 -0.992081 -0.003576 0.005181 -0.000360
52.150000 0.002930 -0.000534 -0.993103 -0.004886 0.001639 0.003072
52.200000 0.002060 0.001358 -0.997040 0.008751 -0.001983 -0.004984
52.250000 0.004852 -0.000473 -0.990158 -0.002282 -0.009119 -0.002796
52.300000 0.001953 0.001419 -0.992188 0.004731 -0.005397 0.010062
52.350000 0.000015 0.000381 -0.995132 0.001189 0.001697 0.005479
52.400000 0.001862 0.001480 -0.987335 0.002463 0.010008 0.003248
52.450000 0.001938 0.000443 -0.992172 -0.000888 0.006354 -0.007181
52.500000 0.002869 -0.000488 -0.990204 -0.001225 0.000519 0.005490
52.550000 0.001938 0.000443 -0.992172 0.001339 0.005262 0.002104
52.600000 -0.001022 0.001389 -0.992264 -0.002284 -0.000704 0.000872
52.650000 0.004990 0.004395 -0.991150 -0.002161 0.000444 -0.003744
52.700000 0.001938 0.001434 -0.991211 0.007427 0.013619 0.003389
52.750000 0.000931 -0.000549 -0.992203 0.003811 -0.000678 0.002082
52.800000 -0.000137 -0.003479 -0.992203 -0.000874 -0.009079 -0.004962
52.850000 0.004761 -0.004379 -0.990128 -0.000886 -0.004304 -0.003746
52.900000 -0.000046 -0.000565 -0.993179 -0.003359 -0.000727 -0.002570
52.950000 -0.000244 -0.002426 -0.986374 -0.002110 0.000455 -0.003710
53.000000 0.002838 0.000519 -0.987289 -0.005778 -0.003108 -0.002593
53.050000 0.005859 -0.001450 -0.992050 0.001536 0.001664 -0.002509
53.100000 -0.013504 0.010925 -0.999466 0.015260 0.071727 -0.152197
53.150000 0.006638 -0.001297 -0.981339 0.040070 0.071627 -0.167092
53.200000 0.016327 -0.007019 -0.978134 0.006616 0.106302 -0.011936
53.250000 0.028732 -0.001251 -0.996292 -0.034419 0.225474 0.014370
53.300000 0.035614 -0.000168 -0.993210 -0.007607 0.267165 0.014903
53.350000 0.046524 0.000946 -0.991943 -0.014636 0.292041 0.003521
53.400000 0.071136 -0.003616 -0.989319 0.003487 0.522925 0.004559
53.450000 0.123596 -0.002991 -0.985016 0.015489 1.016316 -0.045272
53.500000 0.184067 -0.005280 -0.988220 0.043889 1.255369 -0.063769
53.550000 0.291794 -0.020096 -0.943436 0.143628 1.767960 -0.110625
53.600000 0.344620 0.002151 -0.932465 0.125502 2.305156 -0.311782
53.650000 0.534210 -0.054901 -0.822983 0.246906 2.344747 -0.427597
53.700000 0.620438 0.004059 -0.801666 0.247947 2.065644 -0.368808
53.750000 0.658569 -0.006439 -0.742264 0.063480 1.649892 -0.257914
53.800000 0.751328 -0.004456 -0.673691 -0.104444 1.747513 -0.093678
53.850000 0.749298 0.011078 -0.606796 -0.130474 1.045285 -0.107136
53.900000 0.807266 0.037247 -0.599594 -0.152854 1.235333 -0.141400
53.950000 0.854813 0.013260 -0.533020 -0.142508 1.811461 0.141544
54.000000 0.891830 0.000519 -0.422119 -0.065272 1.782893 0.127831
54.050000 0.889221 -0.004730 -0.446457 -0.284666 1.522375 0.172839
54.100000 0.976944 -0.001846 -0.232254 -0.030638 2.456925 0.048528
54.150000 1.000366 0.009247 -0.154938 -0.097925 2.266540 0.060310
54.200000 1.006516 -0.001801 -0.038040 0.058506 2.154844 0.052065
54.250000 1.006851 0.014175 0.059006 -0.022306 1.830819 0.025538
54.300000 0.979691 0.009796 0.118576 -0.030903 1.446864 0.082139
54.350000 0.975220 -0.002197 0.176865 0.011793 0.789807 0.052117
54.400000 0.987885 0.031204 0.177933 0.153322 -0.173272 -0.017154
54.450000 0.984573 -0.000381 0.157654 -0.002357 -0.059039 0.008471
54.500000 0.996002 0.003372 0.137527 -0.001284 -0.141069 0.015830
54.550000 0.992889 -0.002533 0.137497 -0.001890 -0.135328 -0.007260
54.600000 1.001160 0.001312 0.125046 -0.001906 -0.118663 -0.007110
54.650000 0.996323 0.003174 0.121979 -0.006129 0.026665 0.010379
54.700000 0.991043 0.000351 0.133530 0.006155 0.102795 0.005353
54.750000 0.997040 -0.001617 0.128860 0.005874 0.068389 0.016608
54.800000 0.994949 -0.001572 0.133652 -0.004354 -0.043708 -0.008762
54.850000 0.992127 -0.000702 0.127731 0.000259 -0.024576 0.000692
54.900000 0.995895 -0.003510 0.134644 0.001367 -0.003122 0.004363
54.950000 0.994064 -0.001648 0.129730 -0.014653 -0.029263 0.010978
55.000000 0.999069 -0.001617 0.126953 -0.000077 -0.032790 0.013340
55.050000 0.995239 0.001236 0.123901 0.000855 -0.021985 0.023855
55.100000 0.992157 -0.001740 0.124832 -0.003467 0.014700 0.002182
55.150000 0.992203 0.001236 0.126740 0.006199 0.011176 0.005674
55.200000 0.992203 0.001236 0.126740 0.006199 0.011176 0.005674
55.250000 0.998978 -0.000549 0.132767 0.001446 0.044438 0.000165
55.300000 0.994141 0.000305 0.127777 0.000305 -0.013985 -0.001555
55.350000 0.996094 -0.003647 0.124939 0.002721 -0.023493 -0.000472
55.400000 0.996231 -0.000732 0.122009 -0.005866 -0.003266 0.000820
55.450000 0.992157 -0.000717 0.126755 0.002787 0.006225 -0.003673
55.500000 0.995132 -0.000671 0.126831 -0.002486 -0.004358 0.011241
55.550000 0.991058 -0.003632 0.128693 0.003832 0.027699 0.002312
55.600000 0.992966 -0.006546 0.128784 -0.004911 0.014669 0.010243
55.650000 0.995056 -0.003616 0.126846 0.007540 -0.028226 0.001825
55.700000 0.992035 -0.005615 0.126785 0.008612 -0.002002 0.006696
55.750000 0.996262 0.001221 0.122971 -0.004439 -0.029508 -0.006352
55.800000 0.991119 -0.003677 0.125763 -0.003479 -0.016333 0.003027
55.850000 0.994263 0.001221 0.123871 0.003692 0.044399 0.007088
55.900000 0.995956 -0.005539 0.129806 -0.003385 -0.018747 -0.000466
55.950000 0.989227 -0.004745 0.120895 -0.036197 -0.048578 -0.004390
56.000000 0.996307 -0.003769 0.115219 -0.030323 -0.111547 0.005483
56.050000 0.993362 -0.004822 0.112259 -0.012223 -0.030556 0.010945
56.100000 0.994247 -0.004730 0.118088 0.001389 0.063383 0.001462
56.150000 0.995209 -0.003723 0.119080 0.008667 0.074115 0.002756
56.200000 0.996185 -0.006683 0.117188 0.010060 0.052644 -0.003216
56.250000 0.988312 -0.003830 0.117920 -0.006978 0.009774 -0.003700
56.300000 0.997192 -0.002701 0.121094 0.003837 0.016983 0.002211
56.350000 0.994293 -0.003769 0.116135 -0.002373 -0.003316 0.006592
56.400000 0.997253 -0.002747 0.118164 0.005103 0.028763 -0.000017
56.450000 0.996277 0.000229 0.121048 0.006390 0.021604 -0.002389
56.500000 1.001221 -0.003693 0.116333 0.002650 0.007348 0.000931
56.550000 0.995209 -0.005707 0.117142 0.009709 0.019342 0.010334
56.600000 0.999176 -0.002670 0.121139 0.002651 0.040657 0.000077
56.650000 0.991150 -0.006668 0.120956 -0.002303 0.020449 0.003336
56.700000 0.994232 -0.002731 0.121002 0.004799 0.019343 0.011463
56.750000 0.997070 -0.005615 0.123047 -0.000862 0.015615 -0.004799
56.800000 0.992142 -0.007690 0.119034 0.007700 -0.012934 -0.005010
56.850000 0.996216 -0.003723 0.119110 -0.003443 -0.001000 0.000821
56.900000 0.996033 -0.003601 0.127853 0.007676 0.013244 -0.004772
56.950000 0.999023 -0.004562 0.125992 0.001439 0.029936 -0.000028
57.000000 0.994186 -0.005692 0.119064 0.005420 0.009510 -0.011786
57.050000 0.993942 -0.005539 0.130722 0.001381 0.017958 0.002151
57.100000 0.992157 -0.000717 0.126755 0.002881 0.016599 -0.008280
57.150000 0.992096 -0.001694 0.127747 0.002695 0.016661 -0.001341
57.200000 0.998138 -0.000656 0.125931 0.007691 -0.010734 -0.005033
57.250000 0.996170 -0.000702 0.124924 -0.002188 -0.012007 -0.000488
57.300000 0.997162 0.000290 0.124954 0.009778 0.003554 0.007817
57.350000 0.997086 -0.001648 0.126907 -0.004762 -0.000071 0.004233
57.400000 0.998901 -0.006470 0.128937 -0.002281 -0.044223 0.003830
57.450000 0.996231 -0.000732 0.122009 -0.006883 -0.006254 -0.007419
57.500000 0.993256 -0.001770 0.120987 -0.002156 -0.045456 -0.000807
57.550000 0.995148 -0.003677 0.121994 0.004102 -0.049192 -0.006602
57.600000 1.004211 0.000305 0.120285 0.001821 -0.088507 -0.011600
57.650000 0.998413 -0.000839 0.112351 -0.007173 -0.063384 0.004775
57.700000 1.002350 -0.008743 0.103760 -0.014374 -0.019498 -0.000662
57.750000 0.995575 -0.001984 0.103546 -0.010973 -0.008700 0.008711
57.800000 0.994430 -0.002869 0.111282 0.002924 0.007812 -0.009573
57.850000 0.996384 -0.003830 0.111343 -0.007193 0.024414 0.003243
57.900000 0.996597 0.002029 0.108398 -0.001697 0.027782 -0.019834
57.950000 0.994400 -0.002853 0.112259 0.008742 0.004185 0.000833
58.000000 0.998321 -0.003769 0.113327 0.011030 0.063581 0.004853
58.050000 0.993454 0.000092 0.113190 -0.000859 -0.004353 -0.005085
58.100000 0.995331 0.001175 0.119049 0.001600 0.008730 -0.006109
58.150000 0.996323 -0.004776 0.113296 0.009079 -0.043704 -0.011173
58.200000 0.999527 0.002090 0.109436 -0.013024 -0.050827 -0.005576
58.250000 0.992508 0.000030 0.110245 -0.005396 -0.121111 -0.015428
58.300000 0.996490 -0.001907 0.108429 -0.040808 -0.223558 -0.011925
58.350000 1.000046 -0.000244 0.082260 -0.138125 -0.374882 -0.018466
58.400000 0.995087 -0.001938 0.034531 -0.208686 -0.546416 -0.021569
58.450000 1.001938 0.004517 -0.001282 -0.199840 -0.615507 -0.031403
58.500000 1.004395 -0.003738 -0.033218 -0.014055 -0.844554 0.005728
58.550000 0.986359 0.004501 -0.061935 -0.010001 -0.976737 -0.005862
58.600000 0.988831 -0.010345 -0.148285 0.016640 -1.264947 -0.037253
58.650000 0.994019 0.006165 -0.233780 0.002531 -1.406720 -0.053657
58.700000 0.953262 -0.001816 -0.283417 0.019388 -1.394312 -0.000233
58.750000 0.933762 0.010010 -0.333588 0.030593 -1.583532 -0.004202
58.800000 0.895111 0.009277 -0.426971 -0.005587 -1.862892 0.032396
58.850000 0.881455 -0.011826 -0.602127 -0.052052 -1.729679 0.033347
58.900000 0.818604 0.004623 -0.563095 0.010019 -0.695700 0.014152
58.950000 0.801056 0.001251 -0.582016 0.032931 -0.715801 0.024509
59.000000 0.779038 0.003464 -0.615677 0.006111 -0.977578 0.030083
59.050000 0.732727 -0.001846 -0.681976 -0.042992 -1.219055 0.047286
59.100000 0.690887 -0.002823 -0.720016 -0.015159 -1.193176 0.009497
59.150000 0.625320 -0.005127 -0.762589 -0.018537 -1.407420 0.004063
59.200000 0.558518 0.003006 -0.828583 -0.006469 -1.991084 0.068248
59.250000 0.471146 -0.002487 -0.874618 -0.041002 -2.333639 0.090400
59.300000 0.336029 -0.012405 -0.917038 -0.114168 -2.020512 0.127548
59.350000 0.213592 -0.071869 -0.727478 -0.077221 -1.968229 0.113187
59.400000 0.163162 -0.008453 -0.987793 -0.082002 -2.315247 0.163229
59.450000 0.076767 0.011871 -1.003860 -0.016601 -1.637646 0.210233
59.500000 0.055405 0.007034 -0.983002 0.019557 -0.886386 0.117757
59.550000 0.019073 0.012375 -0.991791 -0.015058 -0.356871 0.122370
59.600000 0.005234 0.024124 -0.979630 -0.015742 -0.224998 0.099268
59.650000 0.015060 -0.008194 -0.919830 0.000150 -0.079478 0.003496
59.700000 0.153671 -0.028015 -1.123978 0.191188 0.875819 -0.183457
59.750000 0.011826 0.005554 -0.985138 0.018478 -0.015229 0.000703
59.800000 0.019882 0.003586 -0.992676 0.000202 -0.002181 -0.000437
59.850000 0.014862 0.006516 -0.987015 0.002176 -0.000833 0.016941
59.900000 0.013016 0.003448 -0.996750 0.001332 -0.005723 0.003009
59.950000 0.010971 0.006439 -0.990036 0.011246 -0.008142 -0.002742
60.000000 0.013947 0.005493 -0.990906 0.003805 -0.006929 0.001857
60.050000 0.017838 0.003601 -0.989822 0.003729 0.008560 0.004311
60.100000 0.016937 0.006470 -0.991821 -0.003391 -0.004607 -0.002789
60.150000 0.012833 0.005539 -0.986084 0.002644 -0.002199 -0.000419
60.200000 0.019821 0.003632 -0.989777 0.005019 0.001392 0.001941
60.250000 0.015839 0.002594 -0.989883 0.005088 -0.006961 -0.000448
60.300000 0.012985 0.005447 -0.992874 -0.001024 0.008500 -0.000341
60.350000 0.011978 0.006424 -0.991959 0.002705 0.007378 -0.000292
60.400000 0.013000 0.006409 -0.992889 0.000215 -0.006886 0.001878
60.450000 0.012848 0.003540 -0.988983 0.004054 0.001386 -0.004967
60.500000 0.011978 0.004440 -0.993881 0.002751 -0.010485 -0.001611
60.550000 0.014938 0.005493 -0.991852 0.001305 0.000296 0.006577
60.600000 0.014938 0.005493 -0.991852 -0.009511 -0.006914 0.000667
60.650000 0.015808 0.001617 -0.989883 0.004053 0.001385 -0.004967
60.700000 0.011902 0.004501 -0.990005 0.000305 -0.002160 -0.001549
60.750000 0.015839 0.003586 -0.988907 -0.000852 -0.003373 -0.003881
60.800000 0.015945 0.008469 -0.988953 0.001744 -0.004611 -0.009662
60.850000 0.014908 0.004501 -0.991852 -0.004666 -0.003326 0.001883
60.900000 0.015900 0.002548 -0.992783 -0.003538 -0.005673 0.005339
60.950000 0.014877 0.003555 -0.990860 -0.000819 -0.005763 -0.005059
61.000000 0.014771 0.001602 -0.988922 0.000279 -0.008099 -0.000447
61.050000 0.015991 0.002487 -0.997650 0.007903 -0.003432 -0.011931
61.100000 0.009933 0.006424 -0.989090 0.007686 -0.003359 -0.003834
61.150000 0.012894 0.004501 -0.989975 -0.005698 -0.005771 -0.005087
61.200000 0.011810 0.002563 -0.988052 0.002641 0.008585 0.002031
61.250000 0.012924 0.004471 -0.991913 0.000299 0.001411 -0.001518
61.300000 0.014862 0.003571 -0.989899 0.000217 -0.003224 0.004263
61.350000 0.013840 0.005554 -0.986054 -0.007104 0.000335 0.004254
61.400000 0.011856 0.006500 -0.986130 -0.003227 -0.000922 -0.003834
61.450000 0.016861 0.003571 -0.990814 -0.004529 -0.013983 -0.000489
61.500000 0.013886 0.005524 -0.988007 0.000268 0.007467 0.002046
61.550000 0.014893 0.006485 -0.988953 -0.006915 -0.005676 -0.002741
61.600000 0.012863 0.004501 -0.988998 0.005135 -0.015125 0.003024
61.650000 0.015839 0.003586 -0.988907 0.007624 -0.000861 0.000854
61.700000 0.016876 0.003555 -0.991791 -0.000675 0.009753 -0.008352
61.750000 0.010971 0.005463 -0.990982 -0.004602 -0.003249 0.001921
61.800000 0.016922 0.001526 -0.996643 0.002674 0.008674 0.003226
61.850000 0.011734 0.001617 -0.986099 -0.002196 -0.002043 0.003102
61.900000 0.012833 0.001556 -0.990921 -0.004420 0.000261 -0.004988
61.950000 0.011856 0.003540 -0.989014 -0.000719 -0.012834 -0.006244
62.000000 0.013000 0.005432 -0.993851 -0.002258 -0.003212 0.005404
62.050000 0.007751 0.001587 -0.985214 0.000329 0.005071 -0.000291
62.100000 0.012848 0.002548 -0.989960 0.003069 -0.018819 -0.010905
62.150000 0.012924 0.000504 -0.995773 0.002836 0.000296 -0.002634
62.200000 0.011917 0.003510 -0.991928 0.003967 -0.004430 0.000799
62.250000 0.012939 0.007446 -0.989014 0.004097 -0.005556 -0.001486
62.300000 0.013977 0.007462 -0.989960 -0.002098 -0.001963 0.001983
62.350000 0.016800 0.001602 -0.990814 0.006260 -0.010217 0.008896
62.400000 0.014908 0.005524 -0.989914 -0.002011 -0.013903 -0.001602
62.450000 0.020737 0.000687 -0.989731 0.000169 -0.001915 0.007774
62.500000 0.015060 -0.004517 -1.009262 -0.003460 -0.000743 0.006608
